gene_id	C1	C2	C3	M1	M2	M3
AT1G01060	33.0358	35.5593	34.6492	10.2945	13.3938	13.659
AT1G01320	73.7404	76.3134	69.0405	17.2084	19.6695	17.6303
AT1G01420	6.6679	6.66516	7.94002	2.86371	3.83414	3.4326
AT1G01520	9.58862	8.55635	9.32078	0.982357	2.87684	2.18884
AT1G01970	17.2107	15.1322	18.3508	7.08041	7.74877	7.27222
AT1G02380	0.749953	1.95807	1.44847	0.934699	0.367559	0.703017
AT1G02620	0	0.373949	0.267622	0.957191	1.1798	0.731106
AT1G02710	0.781691	2.07701	2.52539	0.478761	1.33875	1.06115
AT1G02820	1.82602	0.764632	0.938192	0.318195	0.671864	0.619827
AT1G03055	2.12318	1.2677	1.92225	0.220155	0.187085	0.0779103
AT1G03130	245.721	169.387	249.723	48.8518	71.802	44.8682
AT1G03320	1.47936	2.365	1.66682	0.638625	1.32451	0.606143
AT1G03410	0.836566	0.322755	1.10585	1.7617	3.4873	1.69755
AT1G03600	280.079	190.735	257.208	76.2503	98.1803	72.2986
AT1G03630	52.7504	38.4421	57.2213	19.1823	19.8784	19.9061
AT1G03940	4.06471	3.95217	4.66312	1.86841	1.19975	1.56077
AT1G04445	0.277173	0	0.118866	0.792874	1.0284	0.669744
AT1G05835	28.8908	24.2637	24.2039	41.3869	53.9832	44.5359
AT1G06000	31.6605	34.6638	30.2597	9.40202	11.7795	8.00969
AT1G06002	76.6737	86.8687	70.0662	25.8112	16.8519	19.929
AT1G06040	228.793	249.4	235.593	59.0291	63.5702	57.9831
AT1G06180	6.3145	6.88103	6.10861	1.9799	1.48301	2.06158
AT1G06430	31.1408	28.7109	28.7373	7.14185	9.83179	8.47864
AT1G06680	609.407	420.074	637.388	197.999	292.416	211.748
AT1G06690	22.9508	19.1184	24.069	5.25026	7.71809	4.23402
AT1G07010	13.9524	13.0452	14.3781	3.45512	4.8414	3.30271
AT1G07050	3.10089	2.08954	2.68277	1.11141	1.43117	0.695536
AT1G07150	16.69	14.2253	18.6999	3.45196	4.22218	3.16877
AT1G07180	1.33514	0.815156	1.56197	0.0357149	0.0885123	0.135266
AT1G07390	1.03581	1.36695	1.22903	0.323169	0.302142	0.68175
AT1G07400	1.73164	1.25223	2.21675	0.610784	0.809194	1.0213
AT1G07700	15.2369	12.7765	15.5763	6.15246	6.31511	8.15342
AT1G08380	581.385	338.726	573.848	123.373	253.997	123.383
AT1G08540	26.2254	24.3793	30.1362	11.905	13.74	14.2181
AT1G08630	2.95819	3.03527	2.60846	0.324934	0.113725	0.176261
AT1G09240	1.21302	2.25847	1.50042	0.106286	0.356141	0.281611
AT1G09340	141.805	93.0949	156.732	31.837	39.0945	33.3034
AT1G09350	6.97723	15.6281	6.97444	2.73196	2.01272	3.02904
AT1G09570	156.714	163.432	161.272	12.5975	13.701	14.9462
AT1G09910	1.40809	1.66452	1.2386	3.35513	2.98796	3.29966
AT1G10070	13.4625	9.06462	12.5439	24.4718	26.7828	24.3232
AT1G10220	0.822427	0.461192	0.294755	2.10328	1.4003	0.949773
AT1G10360	23.4531	10.5637	21.6011	9.74781	14.6505	7.04365
AT1G10370	171.672	145.118	153.445	52.2207	80.7329	59.2924
AT1G10610	0.942881	1.57426	0.992846	2.80801	3.28441	2.45982
AT1G10640	21.8117	8.42871	23.4161	3.99022	5.35631	2.32259
AT1G10657	4.63828	4.31453	4.57023	0.346177	0.386443	0.329309
AT1G10960	894.557	859.022	884.195	251.445	253.368	265.155
AT1G12240	70.3344	96.6041	74.3887	36.9063	31.1111	32.8772
AT1G12250	19.5994	15.176	20.4839	5.77002	8.81942	7.92354
AT1G12370	4.59071	6.00352	5.14822	0.926381	0.712919	0.768542
AT1G12600	0.54692	0.665209	0.823759	1.11328	1.62571	1.00416
AT1G12800	44.0749	39.461	48.5021	15.481	21.6689	20.5619
AT1G12805	1.1657	3.24546	2.64471	0.535642	0.106501	1.87249
AT1G12900	237.046	145.175	250.094	49.8756	81.8611	57.5036
AT1G13420	1.99569	3.32642	2.82611	6.74945	7.40298	9.08242
AT1G13670	20.5807	23.0387	22.6615	2.91889	1.83539	3.54362
AT1G13930	249.383	204.304	247.597	31.8258	68.5464	43.1817
AT1G14150	33.6635	20.0787	32.7372	10.8986	9.58594	10.1857
AT1G14182	0.473938	1.33644	1.03926	5.20742	1.9166	1.52064
AT1G14200	36.7591	32.5913	46.4226	17.6705	16.9105	20.9466
AT1G14345	72.2956	54.3667	73.3875	13.7609	17.8924	12.7512
AT1G14430	2.62713	2.8714	3.18405	0.691365	0.410818	0.563641
AT1G14600	1.98163	1.17874	1.14787	2.92341	2.75787	2.81265
AT1G14680	0.725517	0.678056	0.388392	1.49655	0.808509	2.071
AT1G14700	86.1787	55.8754	96.2644	36.0489	39.7762	28.8012
AT1G14920	11.1316	8.81955	10.0447	19.8153	21.0335	15.4721
AT1G14950	0.0807046	0	0.567702	0.629416	1.26857	1.96294
AT1G14960	4.53319	2.7725	4.94871	22.9306	33.7279	18.7735
AT1G15125	0.548543	0.546653	0.705857	0.963583	1.91004	0.859277
AT1G15160	2.43006	2.74679	2.65834	0.968081	1.22817	1.10966
AT1G15290	32.9424	32.4518	31.0679	6.18421	7.74467	6.43154
AT1G15330	2.8866	2.0027	2.55754	5.49071	10.5961	5.26634
AT1G15380	27.0968	32.0139	28.4999	113.578	76.7883	95.5804
AT1G15630	1.99934	1.61505	1.44909	2.64389	4.1984	3.92641
AT1G15820	518.306	291.19	492.69	102.689	200.34	87.601
AT1G15830	2.20331	1.37693	1.52653	0.569197	0.428498	0.172015
AT1G15840	1.26867	1.81386	2.20525	5.51757	4.51751	4.17663
AT1G15980	26.9662	15.3375	27.2667	5.42671	7.97923	6.42923
AT1G16090	0.998955	1.24009	1.09518	0.219337	0.619297	0.60307
AT1G16320	20.1452	17.9993	22.1495	8.97565	10.7376	10.1807
AT1G16420	0.658633	0.769545	0.419549	0.202373	0.204053	0.443857
AT1G16720	64.5014	54.4471	66.5611	11.5325	12.6886	11.596
AT1G17050	27.2114	24.0356	30.1076	7.60436	8.82895	8.71713
AT1G17100	63.7704	51.8581	56.7695	16.7331	18.9125	15.976
AT1G17220	71.8211	60.6996	74.4571	18.8544	27.1409	20.5131
AT1G17345	5.27791	2.83412	5.06417	0.904245	1.38245	1.30191
AT1G17810	0.629655	0.549615	0.834829	2.56649	3.21819	2.06117
AT1G18060	21.3186	15.672	22.305	5.06956	8.01832	5.22994
AT1G18330	43.9753	43.8224	53.1109	10.0443	9.85625	10.3054
AT1G18660	29.547	31.4463	31.7632	12.0685	12.6855	14.5845
AT1G18710	3.74118	1.15635	3.21578	0.518377	1.21552	0.361116
AT1G18750	0.760945	0.610475	0.727568	0.125748	0.509013	0.418677
AT1G18810	1.53316	1.44802	1.66246	0.324777	0.294045	0.258094
AT1G18830	1.61211	0.388161	1.41934	0.244992	0.393004	0.244073
AT1G19150	61.4327	36.5791	56.7762	14.8477	24.1796	15.4794
AT1G19670	12.3447	9.15124	13.7244	2.8664	3.43881	2.67756
AT1G19715	11.3296	8.47494	11.5398	3.76655	5.75854	4.59075
AT1G19720	10.3503	8.54522	10.33	3.27682	4.51543	3.20506
AT1G20020	101.734	74.0284	114.972	34.9122	46.5826	41.8905
AT1G20340	824.097	582.604	822.719	277.336	376.417	312.299
AT1G20700	0.428989	0.499231	0.574652	1.13513	1.15282	0.669335
AT1G20790	2.19083	2.87197	1.76449	5.04101	5.29597	5.94217
AT1G21100	6.37795	5.09784	8.07254	35.5327	43.3025	32.2715
AT1G21140	10.9869	8.41235	11.7047	5.48365	1.13039	9.51178
AT1G21500	129.6	77.83	128.681	24.2057	29.7548	20.7484
AT1G21945	0.586832	0.317506	0.425099	0.320667	5.20074	0.411276
AT1G22590	10.128	9.95484	13.9566	3.5975	4.51291	6.02995
AT1G22630	15.0391	9.83187	12.4831	3.12727	5.35017	4.12959
AT1G22890	1.28948	1.01334	1.38971	3.28426	5.25559	5.529
AT1G23010	1.30142	1.64969	1.28568	0.306862	0.451821	0.494606
AT1G23205	25.9246	18.9719	31.0949	4.57951	3.89737	5.27073
AT1G23310	251.172	162.222	259.41	53.024	91.2295	60.0741
AT1G23510	0.252015	0.48075	0.0563639	0.879713	0.584529	0.970388
AT1G23740	35.8687	24.2596	36.0712	11.3847	17.4987	10.7473
AT1G24020	4.35479	1.96522	4.63929	0.891368	1.26005	1.69838
AT1G24470	0.461597	0.631669	0.516334	1.33589	1.6672	1.16348
AT1G24580	4.116	2.71403	4.52307	0.330608	0.536704	0.676454
AT1G25440	12.0492	10.1498	14.9047	2.33858	4.04369	2.75991
AT1G26761	6.61151	4.53606	5.76574	0.0447777	0.356587	0.129226
AT1G26770	42.7127	36.8775	38.8233	12.4052	18.5066	21.4455
AT1G26790	1.48191	0.745289	2.01416	0.178176	0.247196	0.117411
AT1G26945	70.0853	67.5546	71.1206	135.27	130.8	153.062
AT1G27120	3.44621	3.61688	4.16957	2.1477	2.19961	1.42365
AT1G27480	15.74	11.8153	15.4538	3.18204	4.32127	2.92102
AT1G28330	175.256	143.348	166.387	404.866	571.224	399.66
AT1G28570	4.80545	3.80468	5.64161	1.58621	2.67357	1.77259
AT1G28600	13.3856	12.3198	12.4824	6.13839	5.35722	6.0617
AT1G28610	1.07549	0.825776	1.03837	0.447276	0.35817	0.275233
AT1G28670	32.6073	31.5975	32.9585	9.07641	11.7196	8.84409
AT1G28685	0.754736	0.740629	0.83804	0.348112	0.131219	0.35737
AT1G29395	2.22904	0.251697	1.66413	2.27312	11.4623	1.99736
AT1G29430	6.71491	7.10319	7.75149	10.1617	12.3568	20.4829
AT1G29440	8.22861	9.06496	7.02271	11.7938	13.6187	19.3231
AT1G29460	4.89585	6.2586	7.916	12.068	10.4939	16.7321
AT1G29530	10.8418	11.5744	11.9716	3.172	3.92526	3.44941
AT1G29640	29.6568	25.7491	30.4306	14.5469	16.13	13.1914
AT1G29700	15.9265	11.2679	15.6264	4.43957	4.97539	4.85301
AT1G29910	1101.83	657.872	1114.15	113.022	233.029	98.1139
AT1G29920	1006.37	644.815	979.554	46.5064	85.2909	42.2924
AT1G29930	2485.58	1352.12	2395.75	715.697	1226.28	656.2
AT1G30100	0.201918	0.196451	0.228604	0.83482	0.736548	0.898268
AT1G30220	0.805252	0.731574	0.720156	2.10957	1.71729	2.16002
AT1G30250	0.373065	0.113447	0.34156	1.26162	1.88462	1.4474
AT1G30380	478.308	298.01	507.919	91.5837	175.67	93.7401
AT1G30520	9.79739	8.08745	9.60944	1.92432	2.86612	2.40769
AT1G30530	15.6537	15.3506	14.4437	4.08925	5.55692	4.95075
AT1G30820	15.5363	12.0693	15.2863	30.0505	31.21	27.4201
AT1G31040	0.577024	0.532768	0.366521	4.76346	4.74147	5.31559
AT1G31330	902.939	642.459	925.236	185.891	335.301	196.703
AT1G31800	16.078	15.7104	19.4806	6.35309	7.01027	6.1273
AT1G31920	5.99182	5.70397	6.95418	2.75096	3.02123	3.49363
AT1G32060	364.55	260.582	354.724	126.367	174.161	137.141
AT1G32780	1.15761	1.15021	1.2764	0.0811123	0.284301	0.0810655
AT1G33100	0.136135	0	0.16098	0.794509	0.753742	0.901591
AT1G33110	11.8579	9.6532	11.0449	4.53438	4.56041	5.32741
AT1G34000	79.4529	70.3035	87.2948	17.6161	23.9168	25.865
AT1G34245	7.72347	9.02756	7.73445	1.59671	2.07083	1.47893
AT1G34460	2.0789	1.88189	2.26815	1.01516	1.01199	0.954771
AT1G34510	2.0409	3.37023	1.87466	6.51583	16.0178	7.9792
AT1G34520	0.72591	0.35928	0.356018	1.53432	2.83431	2.51915
AT1G35330	1.16599	1.19679	1.50043	2.75248	2.99647	2.804
AT1G35612	1.79047	0.766856	1.74881	4.13881	6.69704	3.73691
AT1G35625	0.252582	0.28285	0.112422	2.19386	3.21749	2.10719
AT1G36622	0.563219	1.93936	0.647213	1.19776	1.28184	2.18153
AT1G37130	223.947	159.465	203.28	68.9176	108.644	68.2928
AT1G42550	15.4933	14.7813	15.6223	4.15657	7.18323	4.30855
AT1G42970	333.046	220.338	345.035	116.712	160.588	115.397
AT1G43160	19.3048	12.5806	20.824	2.1725	2.02889	1.76406
AT1G43800	2.43451	8.71835	3.13482	1.4751	0.181926	4.48536
AT1G44000	69.4248	58.0322	71.7529	13.0866	16.9086	13.8847
AT1G44180	0.583346	0.886002	0.921124	1.33586	2.27567	1.38191
AT1G44318	1.6855	0.245592	1.62495	4.70394	4.75591	3.43243
AT1G44446	59.8089	46.9832	60.5543	13.2346	18.3701	15.2069
AT1G44575	663.003	519.784	658.836	170.503	256.795	178.443
AT1G44920	17.6671	15.6732	19.3321	7.52587	9.2008	7.45112
AT1G45015	0.234279	0.109828	0.918054	3.99782	5.55654	3.27562
AT1G45120	0.0308794	0.0748986	0.0988789	1.71904	2.26809	1.98993
AT1G45474	62.7997	49.1175	66.7193	20.7286	31.7251	22.4575
AT1G48000	1.41723	0.493882	0.793682	0.638066	0.291304	0.28348
AT1G48100	36.149	28.2194	38.8432	0.971472	1.91696	1.43096
AT1G48130	1.14929	0.542001	1.50339	1.54726	3.87269	1.20658
AT1G48650	12.801	13.8625	13.0681	4.91287	6.32736	6.72501
AT1G49010	11.9106	9.45734	12.1771	3.16291	3.31946	2.99273
AT1G49100	0.268453	0.576997	0.242513	0.585124	0.699426	1.45746
AT1G49130	5.13929	4.76186	4.71081	17.149	19.1869	21.5105
AT1G49380	16.586	17.6918	18.3039	6.69603	7.03755	7.20796
AT1G49570	53.0039	149.052	56.2111	20.155	2.22201	36.3819
AT1G49750	22.6195	23.4243	19.99	8.93246	11.8922	8.72476
AT1G49860	6.60745	27.8216	8.5699	25.627	7.61444	58.158
AT1G50020	52.6845	44.5552	49.6498	13.0006	21.3913	13.8245
AT1G50060	11.9406	17.334	15.1356	7.87571	5.90702	9.70843
AT1G50250	46.427	43.3698	41.2667	10.8551	15.8244	12.0402
AT1G50450	14.8164	15.5491	14.9095	6.10299	7.62692	6.34295
AT1G50732	15.2587	11.2588	13.8128	2.67478	3.34994	2.17539
AT1G51080	1.92731	3.13378	3.4218	0.692792	0.927941	1.45006
AT1G51400	89.2754	56.4459	90.3072	20.5146	33.4717	23.6101
AT1G51402	160.983	107.26	163.732	40.8592	48.1156	42.9446
AT1G51780	0.621158	1.12935	0.111793	0	0.438402	0.255515
AT1G52100	1.32429	0.421353	0.174161	0.041119	0.417945	0.0359263
AT1G52230	573.242	418.892	588.664	109.201	146.248	130.801
AT1G52240	5.92659	6.88132	6.47582	13.0993	14.8164	12.6786
AT1G52570	1.38736	1.42821	1.71498	0.706312	0.58019	0.761371
AT1G52770	1.44039	0.807678	1.39249	0.149996	0.389976	0.297019
AT1G52820	0.729394	0.771978	0.784072	0.875805	3.11512	0.886413
AT1G52890	0.865492	0.224377	0.932926	0.179142	0.460167	0.315223
AT1G52990	32.442	25.7649	36.4163	11.0901	11.4815	11.8624
AT1G53090	9.38033	8.69039	8.50995	2.80895	3.18644	3.40445
AT1G53490	0.652673	0.596779	0.725076	7.72816	7.79042	7.13093
AT1G53670	62.5159	56.1869	64.1351	19.9903	33.3171	23.7215
AT1G53940	1.05533	1.10849	0.726269	1.95836	1.6729	2.44619
AT1G54050	3.02133	3.53375	4.34924	2.13817	2.41819	1.34273
AT1G54570	11.2462	11.318	10.4517	3.74138	4.87763	5.15148
AT1G54780	111.273	89.5444	118.596	37.0526	58.3719	43.8695
AT1G55020	30.48	37.8229	31.9332	14.563	10.8263	20.9283
AT1G55035	0.564935	0.663491	0.834846	0.352549	0.298055	0.134433
AT1G55240	4.43398	2.01737	4.9357	5.44965	14.5321	4.96649
AT1G55370	7.50773	4.70627	7.87045	1.83496	3.29125	2.49546
AT1G55480	37.5189	29.7131	43.2888	12.1138	13.5661	13.4392
AT1G55670	906.196	600.405	882.958	300.767	423.885	300.295
AT1G55960	29.0727	22.5947	33.0673	10.4287	11.5034	10.5752
AT1G56500	8.22865	6.51092	7.69535	2.85238	3.98549	4.04059
AT1G56650	6.84243	7.35717	5.48102	0.475031	0.990161	0.726249
AT1G57750	9.59579	4.05425	9.82324	2.57545	4.69935	2.21401
AT1G57770	5.97462	5.6311	6.2926	1.90928	2.53159	2.22247
AT1G58290	76.135	58.6685	76.7514	13.4795	18.788	15.9759
AT1G58320	0.720387	1.12931	0.321978	1.95885	5.02159	2.07564
AT1G58460	1.42219	1.02994	1.55339	0.137413	0.117382	0.151567
AT1G58602	9.37198	7.59114	10.046	2.47098	3.97395	3.47096
AT1G58807	2.84088	2.50571	3.37652	0.92323	1.1652	1.11651
AT1G58848	2.82544	2.61931	2.8027	0.746475	1.10123	0.749373
AT1G59124	2.88878	2.25065	2.99024	0.656917	1.20945	0.988397
AT1G59218	2.96747	2.33318	2.97871	0.812774	1.28603	1.12354
AT1G59700	1.64855	1.10398	1.55715	0.284651	0.592567	0.418552
AT1G59720	2.64627	2.57498	2.95678	1.68774	1.19777	1.10538
AT1G59740	7.19914	8.64135	6.85132	1.0854	1.66097	1.19693
AT1G59860	4.49504	4.21178	6.23377	2.77405	2.83896	2.47469
AT1G60050	1.66632	1.85821	2.09867	3.58654	6.19997	4.16102
AT1G60060	5.87532	7.6433	5.27998	13.8298	14.1534	17.7046
AT1G60090	0.533463	1.12889	0.501812	1.53687	1.24494	1.44491
AT1G60270	32.8339	33.602	35.9836	3.33369	2.53114	2.15982
AT1G60450	0.476956	0.478843	0.31481	0.927156	1.33371	0.917828
AT1G60590	21.5021	11.2425	19.9086	0.369494	0.983629	0.260013
AT1G60600	14.2236	14.0409	15.5897	4.6981	5.91271	6.78036
AT1G60750	0.277905	1.3035	0.790027	0.0585296	0.2136	0.650447
AT1G60950	1009.53	768.328	1044.17	297.541	515.518	336.315
AT1G61270	0.406804	0.209121	0.445386	0.604317	0.872672	0.52412
AT1G61520	582.462	387.322	597.138	136.809	194.352	134.331
AT1G61580	19.778	21.149	20.0355	8.10514	7.13484	9.90689
AT1G62240	0.893106	1.74217	1.07264	0.704318	0.598955	0.409437
AT1G62262	0.0840855	0.598807	0.151681	1.89742	1.52571	2.05973
AT1G62630	2.01788	1.26912	1.53748	0.470705	0.613563	0.631848
AT1G62750	101.368	90.3674	111.327	27.3059	35.8514	32.4373
AT1G63360	3.71152	2.20212	3.00622	0.834304	0.692592	0.712542
AT1G64500	28.4732	22.0511	29.893	2.16193	2.46628	1.85264
AT1G64590	1.0819	0.33293	1.91125	2.4792	2.77869	2.02737
AT1G64640	118.854	163.014	113.55	239.289	232.98	249.052
AT1G64660	46.0042	28.2908	36.4794	122.973	118.847	112.645
AT1G64680	70.2088	57.5922	64.2807	29.8676	42.6659	31.5897
AT1G64780	0.990933	1.33879	0.865749	0.173255	0.339272	0.357702
AT1G64860	30.5193	24.0105	31.8875	7.85275	11.1085	8.35309
AT1G64900	1.84398	1.92169	1.52447	0.963304	0.426299	0.760252
AT1G65060	10.3433	11.8446	9.08634	1.39172	1.60209	1.23953
AT1G65070	6.15731	6.16447	7.22026	3.12465	2.80278	3.12266
AT1G65230	23.3728	16.9255	22.9328	5.99117	6.54435	6.44382
AT1G65310	30.9249	51.0081	29.1902	89.1035	67.033	101.634
AT1G65510	14.7126	15.0131	14.4784	26.7627	43.6618	23.998
AT1G65620	1.0644	1.35336	2.00243	0.387435	0.569749	0.251071
AT1G66130	9.36412	6.69338	10.5727	2.79198	4.42368	3.48012
AT1G66330	22.4573	20.5326	25.6851	5.72824	6.97046	7.37763
AT1G66725	14.984	16.3442	16.7593	0.101557	0.427772	0.611374
AT1G66800	21.8354	12.1536	26.1927	43.0246	47.4526	37.6905
AT1G66840	4.0523	3.90608	3.94211	0.778295	1.19714	0.832916
AT1G66910	0.763394	0.44816	0.809004	0.228328	0.177812	0.252537
AT1G66930	0.335091	0.437117	0.200943	0.737298	0.492011	1.15043
AT1G66970	11.3528	5.8738	12.1938	1.78126	2.99401	1.90297
AT1G66980	1.0612	0.433708	1.1001	0.18912	0.507075	0.282705
AT1G67070	7.08532	7.66941	9.61832	3.23594	3.32286	4.13635
AT1G67105	3.95444	8.80044	3.12637	12.2279	12.558	17.6633
AT1G67265	13.0639	12.5948	14.2139	53.4464	54.3966	69.3032
AT1G67740	485.787	378.828	485.437	155.888	217.017	139.075
AT1G68010	170.057	106.386	189.006	27.0533	40.3148	31.7555
AT1G68430	1.92417	1.48935	2.20783	1.05551	0.619918	0.892154
AT1G68500	20.2935	10.677	14.2701	13.1124	57.8434	24.1766
AT1G68570	6.84936	5.10134	6.55842	1.41336	1.80934	2.30195
AT1G68585	1.32913	1.08435	0.964721	1.40366	2.51153	2.05308
AT1G68830	20.7001	17.3831	20.8551	4.16519	5.86339	6.13473
AT1G68840	9.67881	11.6413	12.5052	4.14475	6.64402	3.882
AT1G68890	6.82083	7.01494	6.9289	2.50458	3.17193	2.80639
AT1G69230	0.216391	0.994385	0.65992	0.68982	1.40646	1.122
AT1G69485	0.556649	0.766368	0.330677	0.576337	0.888191	1.58299
AT1G69930	0.421765	0.446693	0.217935	0.814358	0.23971	1.20529
AT1G70000	12.5556	15.058	14.3805	4.64197	5.23591	5.55462
AT1G70260	40.5827	114.81	32.1413	18.5461	14.285	35.301
AT1G70430	3.0729	4.645	3.558	1.45732	1.42208	2.22801
AT1G70610	7.17357	6.353	7.07831	2.32373	3.45734	3.13119
AT1G70700	17.1398	12.8263	16.3793	4.68387	4.56118	2.76472
AT1G70820	1.364	0.454832	1.25537	0.200897	0.353599	0.24828
AT1G70850	134.395	85.523	154.216	403.849	547.8	419.23
AT1G70880	18.4958	13.5075	18.4776	32.7565	66.1087	40.8583
AT1G70985	4.31698	6.00867	6.6715	1.21921	1.09023	1.46523
AT1G71480	5.55747	4.60179	7.49823	2.1106	2.45071	3.21826
AT1G71490	2.32267	2.38196	2.86005	1.04727	0.919242	1.17932
AT1G71810	8.64038	6.73806	8.44254	3.19186	3.45408	3.41253
AT1G72290	0.192618	0.986775	0.400683	2.12325	3.71774	1.82401
AT1G72610	297.365	238.544	325.874	61.3489	82.0117	57.8459
AT1G72940	1.82474	1.18633	1.05112	0.313748	0.755994	0.727603
AT1G72970	81.2832	87.82	89.6642	29.913	32.5423	30.4293
AT1G73110	10.2454	9.23384	11.2257	4.08854	5.03226	5.63491
AT1G73190	0.283274	0.358285	0.643258	0.47449	1.0307	1.25371
AT1G73300	2.87838	2.69032	3.40978	6.84704	8.03578	7.2882
AT1G73310	3.44052	4.87736	2.80679	8.36351	5.88214	8.34152
AT1G73330	3.54856	2.84379	3.06879	16.7745	18.495	12.9295
AT1G73360	0.895375	1.15065	1.03651	0.532195	0.407016	0.58432
AT1G73650	16.4433	15.3948	15.5402	5.39735	6.53742	6.16153
AT1G73890	2.76587	2.05923	2.30648	0.665659	1.48218	0.80815
AT1G73990	22.8289	24.7611	23.0128	11.3188	11.8062	12.4058
AT1G74070	14.2105	11.5892	15.1489	3.46225	3.94457	4.38336
AT1G74310	4.34796	3.92653	6.10659	2.38629	2.19924	2.47233
AT1G74430	3.14883	2.06574	2.77091	0.997321	1.1849	0.828271
AT1G74470	447.659	379.349	443.865	169.546	260.77	171.817
AT1G74490	1.25198	0.977195	0.841095	3.049	3.0033	3.79273
AT1G74670	197.755	76.8375	193.468	43.4425	71.3332	46.6152
AT1G74730	82.4611	60.7094	83.7966	19.9375	24.7134	25.8344
AT1G75100	7.2322	8.93957	10.9539	1.80398	1.63741	2.40924
AT1G75460	18.8672	12.3049	17.3467	3.87067	5.10192	3.80813
AT1G75690	85.2643	61.0832	86.2192	22.152	36.4315	23.448
AT1G75830	1.94285	8.47223	7.42868	8.12372	10.8178	15.3886
AT1G76080	45.6859	30.0607	53.0951	3.9773	5.27475	4.45713
AT1G76100	54.1932	39.4148	58.8866	12.5147	22.807	11.5169
AT1G76110	12.5625	8.023	11.0276	0.968533	1.23141	1.2102
AT1G76210	0.610334	1.36567	0.778155	0.261352	0.230276	0.50762
AT1G76570	8.0242	6.59064	6.86763	1.37447	1.45349	1.79571
AT1G76640	0.47833	1.52814	0.992135	2.81917	2.5749	4.49587
AT1G77090	19.6299	13.9731	20.9054	5.70767	6.0566	5.94459
AT1G77310	1.34791	1.15674	1.17925	0.372551	0.725602	0.469048
AT1G77520	0.235826	0.072325	0.45808	1.22546	1.33341	0.991009
AT1G77530	0.201474	0.461764	0.404731	1.06377	1.28726	1.32683
AT1G77640	1.36317	2.25913	1.16465	2.45569	3.81325	4.30733
AT1G77760	157.783	78.3694	138.924	34.9507	74.8662	30.1745
AT1G77870	4.81085	5.49337	4.9198	9.72607	9.76054	9.49338
AT1G78100	41.6738	42.6073	44.0754	18.9882	20.602	21.3513
AT1G78180	11.6985	8.61094	10.9564	4.12611	5.59709	3.8137
AT1G78390	0.314499	0.227852	0.418549	0.499065	0.875271	0.554173
AT1G78490	1.63718	1.11241	1.88192	0.390178	0.420019	0.45815
AT1G78510	25.9608	27.4107	29.589	4.92787	6.54644	7.18995
AT1G78580	6.1799	5.93259	6.06689	2.17034	2.56301	2.29001
AT1G78600	22.1054	21.1464	26.3657	7.53132	6.74512	8.41018
AT1G78780	0.518463	0.476246	0.783168	1.4363	1.17905	1.42641
AT1G78820	52.5272	72.6105	51.8462	7.89842	8.78351	7.16118
AT1G79510	19.9915	14.0668	19.4605	4.42255	5.54207	4.56536
AT1G80340	1.98237	1.86022	2.62989	0.358135	0.0539753	0.0468063
AT1G80440	42.3037	22.4123	44.599	68.7879	74.8888	53.1688
AT2G01020	543.226	594.355	550.736	1703.92	1303.59	1171.63
AT2G01021	13399.3	10644.3	10503.2	42587.6	50073.2	30211.3
AT2G01290	16.4879	20.9263	17.0076	5.55132	4.65497	6.36275
AT2G01372	0.953125	0.61133	1.16162	0.232431	0.285292	0.126773
AT2G01520	17.1328	9.01963	34.0248	168.51	218.9	193.604
AT2G01530	150.711	104.709	170.037	284.823	293.672	273.136
AT2G01770	1.52708	1.15253	1.23224	3.15727	4.20238	2.67539
AT2G01880	4.48202	4.51328	4.07174	11.6363	14.8385	11.2225
AT2G01890	119.072	101.61	135.576	53.2659	51.4302	47.1154
AT2G01918	10.5571	8.90972	11.4574	3.1451	4.41168	2.80814
AT2G02950	32.5819	42.111	37.4349	5.4406	7.11671	5.61867
AT2G02980	1.92865	2.30075	2.1225	0.694055	1.10924	1.37622
AT2G03410	0.975469	0.808425	0.92684	0.352613	0.344048	0.409749
AT2G03420	58.4098	51.6367	58.6597	17.0205	20.0529	22.2727
AT2G03750	8.01354	5.08224	8.29356	1.94321	1.8812	2.71607
AT2G03821	0.302546	0.325405	0.0535562	0.605167	0.513582	0.98607
AT2G04030	59.4803	75.6582	69.8193	30.5254	25.5033	38.3333
AT2G04039	21.0076	17.313	24.4081	7.87296	10.9159	10.0909
AT2G04190	0.515473	0.841882	0.295204	1.14606	1.14432	1.27703
AT2G04790	11.2634	8.50589	11.9492	2.74995	4.46661	3.29157
AT2G05070	959.823	504.989	902.02	68.8596	96.6755	51.802
AT2G05100	590.193	324.32	552.515	50.066	74.9896	38.137
AT2G05310	100.288	70.6255	93.9142	27.8442	50.4686	39.5753
AT2G05510	74.146	93.6267	91.1814	16.8719	16.9446	27.2527
AT2G05620	94.8045	72.0377	88.8991	37.9742	44.4391	40.4648
AT2G06002	13.8056	14.7363	13.583	0.916838	0.389004	0.85474
AT2G06520	877.446	641.826	882.388	305.357	395.125	304.235
AT2G07677	1.90405	1.97709	2.09786	0.878943	0.625504	0.572363
AT2G07682	0.924023	0.828793	0.923269	0.365275	0.197684	0.340795
AT2G07697	0.574333	0.916661	0.713023	0.283013	0.283032	0.300601
AT2G07722	0.741454	1.31008	0.467077	0.180633	0	0.302623
AT2G07776	0.790248	1.48532	0.861781	0.491316	0.480297	0
AT2G07787	2.87311	3.14318	3.04633	1.84137	0.913279	1.09889
AT2G07798	0.747383	1.09979	1.05511	0.28477	0.175108	0.357248
AT2G07808	1.40215	1.44598	1.18897	1.33691	1.03538	0.622385
AT2G07827	2.28398	1.90592	2.88013	0.967264	0.995852	1.40468
AT2G10931	0.370802	0.315148	0.191309	0.502718	0.874647	0.542066
AT2G12120	1.05076	0.567717	0.74391	1.89647	2.68745	3.08255
AT2G12280	1.37951	2.03691	1.59205	3.50283	2.51794	3.16661
AT2G13360	221.314	144.106	224.506	83.2565	111.013	80.1609
AT2G13610	4.91528	4.17243	4.94897	1.63601	2.1962	2.01204
AT2G14660	1.38235	1.60305	1.45557	0.945959	0.616598	0.276588
AT2G15555	0.441936	1.0602	0.691932	1.52449	2.7084	1.27287
AT2G15970	1936.55	1179.49	1868.81	771.058	1055.96	477.805
AT2G16005	57.6593	9.70258	85.2606	179.103	195.536	192.367
AT2G16365	13.6714	17.9959	16.3118	3.55369	3.7872	4.72457
AT2G16430	22.2974	26.0131	24.6943	9.24122	9.81587	11.9705
AT2G16500	25.792	28.944	28.3926	13.7898	14.6968	13.7693
AT2G16740	27.8514	28.1399	28.6217	11.8056	18.0719	11.9513
AT2G16890	2.06453	2.31823	2.46223	1.15648	0.814833	1.33821
AT2G17240	20.9682	25.3127	24.0698	11.6938	16.4649	13.1415
AT2G17972	22.8532	23.742	24.9409	7.84985	9.81989	8.9925
AT2G18490	0.963457	1.21868	0.314351	1.47017	1.04473	1.85347
AT2G18940	13.7656	12.1153	13.6711	4.52139	6.34994	5.36072
AT2G19310	28.4577	22.3054	31.6865	12.3082	12.9401	16.7443
AT2G19650	0.815026	1.1097	1.22759	0.200595	0.338741	0.131973
AT2G19810	17.3114	8.41505	10.5166	18.2558	41.8406	21.8402
AT2G19990	0.429069	1.11943	0.460587	1.21152	1.16092	2.08003
AT2G20080	3.42969	3.03426	4.39601	9.64126	8.59373	9.86344
AT2G20250	0.613262	0.656493	0.883398	0.299652	0.30361	0.211907
AT2G20260	190.188	109.546	183.698	64.3405	106.066	62.7283
AT2G20520	2.49709	4.68773	2.38333	5.92383	9.34978	6.26941
AT2G20560	6.00867	6.24666	8.57496	3.31227	2.01879	3.53903
AT2G20570	11.3573	8.21618	10.2505	3.83594	5.56391	3.93687
AT2G21210	42.6844	41.9706	45.7481	14.6771	17.1003	21.835
AT2G21220	2.25032	3.19721	2.39137	1.28355	0.359351	0.317605
AT2G21320	13.477	14.0805	15.4227	1.23604	1.76669	1.78417
AT2G21330	283.274	200.181	283.166	53.0085	68.5216	53.3947
AT2G21530	40.7687	30.4357	41.7332	15.2505	24.1678	19.1625
AT2G21910	5.91863	8.80099	4.77345	12.3254	13.4263	16.8032
AT2G21960	31.2084	23.0959	31.5571	10.5375	13.9551	9.78756
AT2G21970	50.2111	56.0412	55.1685	16.9201	21.4887	17.5891
AT2G22360	15.3928	16.5289	17.5712	7.14167	6.78074	8.79821
AT2G22420	15.6142	15.3543	16.5549	6.76899	7.68214	9.10091
AT2G22460	1.3214	3.56072	1.00646	0.238174	0.122918	0.662895
AT2G22750	0.208597	0.668094	0.239647	1.11915	0.675931	0.576546
AT2G22990	81.8297	48.6243	93.0297	37.2662	48.2084	35.3545
AT2G23000	11.8285	7.14009	14.7166	0.445638	0.215718	0.303473
AT2G23050	1.39036	2.00392	2.11591	0.924126	0.745597	0.836264
AT2G23130	8.52506	9.21843	8.93062	1.91013	1.9463	1.39769
AT2G23590	3.30104	1.93671	2.98644	0.746529	1.68997	0.791227
AT2G23620	11.6677	16.9938	13.4464	34.8552	38.1979	29.9592
AT2G23670	6.96311	6.24135	7.09101	1.65076	0.951542	1.36858
AT2G23672	96.347	80.5944	94.0631	16.8636	24.6044	22.0147
AT2G23840	1.3442	0.766898	1.30572	0.422224	0.352523	0.556316
AT2G24540	19.7393	19.5173	18.15	4.03617	4.38132	5.00642
AT2G24820	18.0973	15.7334	17.8285	5.77031	8.66684	7.40158
AT2G25150	0.612575	0.91698	1.19102	1.9776	1.94675	2.8027
AT2G25530	8.94025	11.3052	9.08359	2.88973	2.61102	2.9986
AT2G26040	5.24793	7.48579	4.81058	2.20012	1.34732	1.57485
AT2G26080	89.3153	92.1179	89.2946	44.7874	42.2518	42.9792
AT2G26150	5.66926	6.30869	9.21488	1.54403	0.991007	1.35819
AT2G26370	1.82217	0.842893	1.73066	6.92121	9.10858	6.49313
AT2G27420	2.01246	1.43956	2.11788	0.892469	0.381489	0.582865
AT2G28305	14.0542	11.2234	17.0356	5.04626	5.66906	3.39271
AT2G28630	8.79708	12.5551	9.61183	22.7049	22.7381	22.5901
AT2G28860	1.30355	2.30027	1.41808	6.07665	9.97931	6.46378
AT2G29090	1.56113	0.563763	1.34011	0.302541	0.775812	0.0716374
AT2G29330	7.44525	11.2061	7.19149	19.365	12.4248	28.3277
AT2G29360	8.41723	6.08081	9.84333	1.31287	2.31637	1.91793
AT2G29450	172.659	147.795	183.734	56.9325	78.4017	81.5019
AT2G29650	30.0341	21.8609	26.5011	8.08077	8.58291	7.96243
AT2G29995	19.9994	22.0091	18.1267	35.1512	46.3229	43.2426
AT2G30040	18.0939	20.636	22.2549	4.4888	5.06379	6.37609
AT2G30150	15.9452	13.2596	13.998	6.05276	5.45823	5.26279
AT2G30390	32.8072	27.5375	36.6049	11.6082	13.0756	11.405
AT2G30520	122.104	129.663	151.116	9.64475	10.0807	11.1711
AT2G30570	474.246	317.249	478.984	141.935	263.9	166.623
AT2G30950	137.296	121.262	132.417	42.4101	57.9179	45.1229
AT2G30985	0.718718	1.53898	0.953291	1.49237	4.08234	1.65884
AT2G31070	4.63276	3.23735	4.0002	1.74273	1.83746	1.78478
AT2G31380	48.2418	37.3739	45.5243	0.463108	1.23496	0.743088
AT2G31540	0.939219	0.366529	1.11874	1.77985	2.00205	0.977901
AT2G31560	18.204	15.9892	18.0891	6.29977	7.4585	7.24898
AT2G31750	42.0114	45.381	40.5374	18.2049	15.7825	21.1597
AT2G31790	6.40991	5.42554	6.52125	1.68941	1.34516	2.26726
AT2G31945	1.58926	0.657376	1.86006	1.29757	4.80562	0.896374
AT2G31980	148.324	106.913	128.83	206.224	255.74	269.666
AT2G32480	20.8387	19.1989	21.8414	8.57888	10.7788	9.17783
AT2G32510	5.77796	2.92914	6.86149	2.97427	2.87679	1.91759
AT2G32530	9.16097	7.04672	10.7562	0.557544	0.869028	1.23196
AT2G32540	12.7999	8.14277	12.6169	1.31577	1.85226	1.01974
AT2G32550	7.28443	3.70863	8.57151	0.87458	0.737581	0.873929
AT2G32640	9.7851	8.59631	9.17668	2.90011	3.78586	2.82372
AT2G33070	0.0317408	0.110731	0.286262	0.140156	1.07355	0.650785
AT2G33230	0.460027	0.71678	0.511077	0.134411	0.307308	0.201614
AT2G33250	16.2598	13.4289	13.7306	4.44399	7.04061	4.21104
AT2G33855	8.75741	4.73641	6.09623	2.61435	3.83505	2.95951
AT2G34020	14.5642	22.8618	13.0285	29.3862	30.4474	41.5686
AT2G34060	7.98897	6.81359	8.3249	1.33753	0.847818	0.820904
AT2G34080	4.54317	5.67423	4.56637	0.53718	0.540195	1.41899
AT2G34180	5.77249	7.29109	6.53208	3.92463	2.34241	3.78539
AT2G34315	3.35811	1.87505	2.03718	5.55021	5.45241	6.78709
AT2G34350	8.09309	3.49108	7.1833	11.1454	16.5039	6.43467
AT2G34420	1670.67	907.964	1623.13	207.312	330.563	125.136
AT2G34430	322.989	138.58	321.629	8.97166	17.6338	5.54393
AT2G34460	31.7201	23.6906	29.9536	8.09598	11.3199	10.3242
AT2G34610	7.82611	1.86366	7.96252	2.33813	2.6822	3.17107
AT2G34620	31.0572	15.5002	30.7997	4.83005	7.10429	3.80852
AT2G34655	3.01217	4.44202	3.00798	15.9524	17.3838	18.7042
AT2G34810	3.09778	4.32312	3.29048	1.40682	1.66697	1.74595
AT2G34850	0.424509	0.852637	0.380894	0.87713	1.30535	2.18466
AT2G35130	6.26212	4.58589	6.4402	2.50804	3.51272	2.6659
AT2G35260	51.3549	42.3107	51.0052	11.258	13.6342	11.3827
AT2G35390	14.0885	11.209	14.9121	5.80286	5.09629	5.69462
AT2G35420	4.4838	4.13789	4.31328	1.32774	2.25292	1.21547
AT2G35660	9.15756	9.06658	8.23768	2.05381	2.9769	2.38299
AT2G35750	5.92191	6.86172	4.87981	10.5915	13.2011	8.35068
AT2G35930	6.51613	7.4476	6.28355	3.09439	3.04239	3.80235
AT2G35960	10.163	6.33584	9.57109	2.0592	2.2829	2.83549
AT2G35980	2.40619	1.6891	2.966	5.81551	7.97841	6.35801
AT2G35990	0.712232	0.370349	0.295489	0.428834	1.82338	0.869599
AT2G36145	48.5773	42.5255	48.8637	15.9218	17.0935	13.0747
AT2G36270	4.28749	2.42955	2.80695	5.80339	9.74107	6.31154
AT2G36290	58.8397	60.9788	60.7177	26.6854	26.1392	22.9637
AT2G36490	8.28038	6.28646	9.26682	3.30516	3.43949	2.91486
AT2G36590	6.23863	4.98811	4.40241	0.434568	2.1221	0.771684
AT2G36630	7.76439	6.10677	5.88151	0.964252	1.89101	1.21814
AT2G36750	1.68654	1.16514	1.25288	0.0430858	0.0999805	0.0823349
AT2G36800	9.0597	8.86166	8.76137	2.09934	2.81231	2.42262
AT2G36870	84.6071	133.965	93.5284	27.1989	21.5051	38.5582
AT2G36885	40.9654	41.4795	46.2144	11.5306	11.5652	13.1549
AT2G37100	2.69986	2.16749	2.89741	1.37564	1.67482	0.699656
AT2G37240	8.50709	6.06118	7.81676	2.89715	3.67135	3.97722
AT2G37678	21.4069	22.6242	21.9139	33.8004	52.5032	55.2716
AT2G37970	41.0092	43.3196	44.2777	5.05636	7.85905	6.21412
AT2G38210	30.7547	22.1227	22.6168	2.55452	7.45761	3.0116
AT2G38230	120.103	90.2366	123.747	12.5625	13.7338	11.9677
AT2G38780	19.0799	20.4704	21.5203	7.25019	9.23381	7.3906
AT2G38790	3.06607	1.55448	3.39311	3.37188	8.68874	3.07394
AT2G38980	1.74976	1.4844	1.48113	3.09537	3.74495	3.56117
AT2G39250	13.424	10.3961	15.7981	1.68223	2.33798	1.68414
AT2G39510	1.03146	0.720288	1.5136	2.30778	2.20789	2.354
AT2G39560	2.32854	2.13964	2.00672	0.233976	0.30797	0.188628
AT2G39730	1043.48	663.858	1084.83	232.071	327.732	242.929
AT2G40020	7.78669	4.92578	7.10025	1.924	2.2276	1.50134
AT2G40030	1.88872	1.93368	1.86091	0.859706	1.07462	0.869616
AT2G40080	25.6185	22.4606	23.2369	5.31126	5.64738	6.74073
AT2G40100	39.0364	29.2151	37.7994	10.6476	16.6084	11.3842
AT2G40390	0.593573	0.492736	0.855247	0.254143	0.254847	0.234055
AT2G40400	19.2921	19.1919	18.6389	6.50382	6.86748	7.67193
AT2G40490	97.8456	86.5427	101.942	43.2199	49.4016	47.5373
AT2G40670	3.65628	3.0529	3.27883	1.11475	0.789222	1.01202
AT2G41070	3.7533	7.25161	4.04496	14.7541	13.4611	15.2222
AT2G41260	0.109775	0.745848	0.605863	2.29492	5.48868	2.43212
AT2G41370	7.69288	9.18432	6.82799	3.02983	4.56127	2.76387
AT2G41680	40.6174	39.646	46.4835	16.5543	16.7269	18.2008
AT2G42150	1.81528	1.85384	2.07081	0.256494	0.413366	0.272691
AT2G42200	0.756423	0.488201	0.593686	0.348463	0.283874	0.0818594
AT2G42220	118.824	88.0275	123.308	26.5872	40.0217	33.1327
AT2G42490	86.5548	109.741	93.2705	42.9415	37.9495	49.1628
AT2G42600	53.7355	42.4429	53.0735	22.5634	26.5126	20.8632
AT2G42690	18.4744	12.9892	21.5977	6.9876	9.50224	6.25295
AT2G42870	12.8951	8.03354	12.152	23.1779	34.2923	26.8945
AT2G42975	9.77368	7.32504	11.2118	2.9992	4.03986	3.29
AT2G43010	11.8526	6.63578	13.0806	4.28861	6.41184	2.22888
AT2G43060	38.4046	34.8467	37.7187	69.2306	68.5134	66.9977
AT2G43140	1.49065	3.94957	1.5278	0.916163	0.833645	2.15344
AT2G43390	1.2483	0.113126	1.25015	0.69319	3.02177	0.922183
AT2G43510	1.38042	3.18439	3.37096	3.17856	6.09941	4.99421
AT2G43535	147.833	121.357	201.105	298.345	373.104	310.283
AT2G43550	9.87344	5.44207	11.9175	3.78439	5.39668	2.41841
AT2G43560	48.7134	37.2943	52.2112	18.2461	21.3151	21.3913
AT2G43860	1.10348	0.366592	0.807076	0.372008	0	0.618654
AT2G43910	387.895	389.905	403.255	54.194	77.6378	51.0117
AT2G44280	18.2252	15.9562	19.4907	6.34779	6.91117	6.76033
AT2G44290	8.35268	7.13883	8.44017	3.10213	2.88678	2.38248
AT2G44460	0.244904	0.484746	0.443626	1.24127	1.95735	1.26832
AT2G44480	1.06171	0.645851	1.04955	1.32104	2.20131	1.85787
AT2G44745	0.147072	0.613655	0	1.02102	0.845348	2.04136
AT2G44798	0.274868	0.406108	0.181152	0.69773	0.768904	0.973213
AT2G44910	2.18075	0.748986	1.34148	4.40658	4.18429	2.85453
AT2G45190	20.4059	20.4951	21.7173	8.82658	9.11067	9.63323
AT2G46340	37.6379	39.3393	38.2141	3.42927	4.98063	5.37666
AT2G46420	21.677	29.9214	26.0917	4.74415	5.3834	6.66432
AT2G46450	2.62753	3.90263	3.0402	1.16944	0.737708	1.19151
AT2G46640	3.56745	2.18632	3.98209	0.563966	1.10605	0.475861
AT2G46670	2.19242	2.22974	2.6779	0.751727	0.78805	1.27085
AT2G46790	3.17116	2.4967	3.32592	0.767322	1.10068	1.01788
AT2G46820	271.257	187.984	271.291	106.767	146.5	109.187
AT2G47015	1.11285	1.56322	1.03765	1.80788	3.31521	2.63896
AT2G47450	44.631	38.6531	46.2992	17.8456	22.0838	17.1521
AT2G47460	1.75973	1.70057	1.84043	0.620516	0.854472	0.554361
AT2G47750	0.613985	0.605537	1.07814	0.0572964	0.129824	0.0282754
AT2G47780	118.459	97.8695	87.0588	168.443	240.987	207.397
AT2G47890	8.51487	11.0043	10.2139	3.17301	2.45384	2.67673
AT3G01060	13.392	8.8109	13.9695	4.13261	5.63081	3.61334
AT3G01440	17.3377	11.4638	18.9804	2.86526	4.42224	3.59126
AT3G01480	46.3782	37.1422	49.7244	16.4105	20.1631	18.8641
AT3G01500	587.035	272.496	597.71	132.55	231.089	135.421
AT3G01660	4.46252	4.42521	4.0924	1.46635	2.05344	1.40772
AT3G01970	4.13052	4.21764	2.96634	1.25371	1.83566	2.02689
AT3G02380	13.8613	12.1466	17.4966	2.35472	2.96503	3.15275
AT3G02468	455.543	470.505	441.381	331.76	181.923	264.224
AT3G02610	0.790437	1.08912	1.01861	1.46593	2.04248	2.64281
AT3G02620	3.38492	2.25958	2.58318	14.6583	19.1275	15.8008
AT3G02670	1.2814	0.133169	0.744261	0	0.206556	0.373293
AT3G02730	59.2706	36.0687	66.9307	16.8022	26.6159	17.1911
AT3G02830	34.0146	25.7665	30.5786	8.98572	10.0064	7.99633
AT3G02870	23.4166	23.8672	26.2715	9.26144	11.9227	12.384
AT3G02885	1.62001	1.99185	1.0818	2.62476	2.61787	4.8323
AT3G02910	61.2254	95.1917	62.2643	14.5831	16.6939	18.1122
AT3G03776	2.70071	2.42414	3.85412	0.130626	0.12106	0.575069
AT3G04140	9.48532	8.1942	8.26398	3.08049	3.64849	4.26013
AT3G04330	1.14812	1.85122	2.32378	0.748599	0.494106	0.63088
AT3G04420	1.37275	2.68745	1.93772	0.31859	0.145631	0.390406
AT3G05155	5.33116	3.94219	4.57193	12.0395	11.1298	8.40885
AT3G05180	14.8727	12.4409	15.5866	2.69569	5.38666	3.03823
AT3G05345	7.82871	7.03149	6.7703	2.67015	4.39894	3.34886
AT3G05370	1.02882	0.389388	0.63987	0.272584	0.472761	0.171309
AT3G05800	25.1138	27.5967	26.8849	3.18342	4.35865	3.69133
AT3G05932	0.821178	0.872713	0.769216	0.396028	0.356327	0.318704
AT3G06520	1.00472	0.575086	0.796343	0.248117	0.232035	0.0809899
AT3G06880	5.79873	4.61895	6.65739	1.12726	1.19957	0.839514
AT3G06895	4.35163	4.83934	5.46288	12.1215	12.7689	13.907
AT3G07700	19.7038	20.0477	21.7394	6.27825	7.52294	7.2538
AT3G08940	258.283	157.458	251.975	55.8234	91.6427	42.9018
AT3G09440	207.896	224.049	229.147	124.206	87.1562	127.218
AT3G09520	2.75049	2.12041	3.07437	0.561513	0.559041	0.825135
AT3G09600	15.6866	16.6584	16.7075	6.5756	7.42494	6.08837
AT3G09650	6.50601	7.34266	7.15616	2.68192	2.68488	3.05603
AT3G10050	9.63761	10.4314	9.79628	5.11398	4.04425	6.00823
AT3G10060	19.978	15.1547	21.1702	5.68285	9.29926	8.30789
AT3G10113	21.3454	21.4738	26.0977	6.25139	6.41144	4.41908
AT3G10160	18.8615	16.9369	19.8711	8.17245	7.73468	9.46419
AT3G10840	8.37555	6.97273	9.46512	2.58399	3.91495	2.97734
AT3G11090	11.7477	8.05674	12.7946	3.7461	5.41949	2.93103
AT3G11415	0.13595	0.732175	0	0.860107	0.694045	0.415096
AT3G12345	71.6357	52.1576	68.8184	22.9708	36.0271	26.9485
AT3G12580	54.7925	35.0057	61.0327	15.9744	12.7106	15.7337
AT3G12685	8.7774	5.08321	8.55642	1.87263	4.13621	3.0402
AT3G12820	6.04983	11.4504	8.59303	25.3232	26.9361	31.8649
AT3G13470	59.0373	63.7323	63.7895	27.4764	22.5957	29.7237
AT3G14200	20.7225	22.2464	24.9743	10.3455	8.57978	11.5094
AT3G14380	1.86663	5.27155	1.42081	5.29527	4.2049	5.82543
AT3G14415	217.22	167.354	226.81	59.6026	79.941	80.601
AT3G14420	262.131	183.603	273.49	80.3122	107.886	78.8715
AT3G14620	0.885202	1.66448	1.26299	0.460941	0.123207	0.679171
AT3G14690	42.0022	39.4407	39.4331	14.7074	18.6183	18.9197
AT3G14700	0.192844	0.70563	0.22596	0.499838	0.816	1.15575
AT3G14760	5.53393	7.15035	7.87405	2.60207	3.0645	2.23852
AT3G14810	4.21572	2.67971	5.15427	0.594692	0.694062	0.326432
AT3G14930	95.6109	79.078	101.293	32.2592	39.0546	37.5971
AT3G15090	14.5646	17.0911	13.9558	6.08328	6.90531	6.67242
AT3G15354	15.8765	15.185	16.2099	2.40339	3.51655	3.10127
AT3G15358	4.32574	3.11928	4.31139	6.55262	9.65698	8.32355
AT3G15370	0.447789	1.16629	0.558313	3.88939	0.955421	2.46814
AT3G15850	62.1135	59.9412	63.2054	11.0776	11.2997	14.5792
AT3G16000	16.2741	12.3892	18.0946	4.57246	5.52107	5.00688
AT3G16130	1.02529	0.870877	0.976091	0.367454	0.110954	0.454345
AT3G16175	3.27445	4.27748	5.00567	1.28161	2.01687	1.06894
AT3G16250	46.6541	33.596	54.3084	12.8931	19.5412	14.0478
AT3G16350	11.5355	10.382	12.069	5.02414	5.11984	4.8423
AT3G16390	0.205136	0.273401	0.277261	0.635263	1.06427	0.240836
AT3G16520	17.5175	11.5252	15.0237	6.31993	7.89309	5.03758
AT3G16690	12.9748	8.30257	12.7818	25.3502	30.3862	18.302
AT3G17040	32.1209	30.2498	32.8619	7.5501	8.74365	6.25799
AT3G17130	14.6818	14.421	14.3577	2.89645	1.63439	2.21661
AT3G17609	49.4105	57.1339	57.1956	3.99196	5.88264	7.47801
AT3G17800	91.2312	87.4855	87.9082	34.1186	39.6809	37.598
AT3G17930	28.2636	27.5589	33.3	12.8515	14.9684	15.5822
AT3G18000	3.99219	21.0937	3.81012	25.466	21.0776	48.7238
AT3G18390	31.8109	31.9253	34.3019	14.9806	15.8335	17.255
AT3G18870	4.97183	3.85729	4.65441	2.35721	2.34082	2.15961
AT3G18890	30.6615	20.0197	29.7444	8.8512	11.6619	8.63012
AT3G19170	51.4854	55.463	54.7967	20.3441	21.6056	23.6447
AT3G19450	150.388	187.533	163.216	67.4715	59.6155	75.8117
AT3G19480	8.47406	5.65206	9.39299	1.27465	1.51766	1.32621
AT3G19710	0.406845	1.9258	0.202378	1.6777	0.759266	2.80564
AT3G20100	30.4522	24.4191	29.3501	13.4524	13.9277	12.4488
AT3G20460	1.68848	1.66793	1.35214	2.74063	4.89621	3.07941
AT3G20770	75.5302	80.2618	81.3495	20.3571	19.594	22.0297
AT3G21055	525.25	351.645	505.272	126.756	181.875	115.203
AT3G21150	8.16795	10.2969	7.73255	0.195538	0.124099	0.121335
AT3G21330	5.70095	5.36025	3.32381	10.9573	17.7095	17.7252
AT3G21370	0.545249	0.251208	0.893718	1.11277	3.00552	1.37793
AT3G21390	13.7969	12.9835	12.812	5.23934	5.98034	6.14525
AT3G21510	38.3595	60.8326	39.8037	13.2824	11.2622	17.5524
AT3G21560	86.9591	108.178	89.5856	16.2463	18.4771	15.6302
AT3G21670	30.2259	24.0216	30.1476	6.16476	9.02546	5.44716
AT3G21730	0.439795	1.1314	0.339232	0.840538	1.98313	1.18999
AT3G21750	11.9671	8.91943	9.62375	3.92585	5.75184	5.15352
AT3G21760	16.4541	9.96548	14.4068	3.48281	5.97593	3.38101
AT3G21870	18.942	13.7834	20.1245	4.49233	9.61632	7.99588
AT3G21890	13.3412	8.15084	14.1801	0.316432	0.726617	0.52382
AT3G22060	1.70746	0.725582	1.99716	3.69229	5.95805	3.59822
AT3G22150	13.071	9.5942	12.8649	2.78569	4.19995	3.3005
AT3G22420	3.55076	3.29857	4.97661	0.96153	1.37079	2.4285
AT3G22760	4.10766	4.03066	4.9579	1.54401	2.67752	1.81626
AT3G22840	1466.95	1408.67	1477.39	33.3539	38.1913	43.0251
AT3G23410	4.52841	5.29007	5.99423	2.40205	2.36169	3.4485
AT3G23530	55.786	60.859	59.5537	11.019	16.0026	11.4977
AT3G23700	46.8114	45.67	52.9617	15.6078	21.2534	22.2347
AT3G23810	382.462	567.762	366.036	130.869	134.831	148.4
AT3G24190	33.881	29.8137	30.1784	8.20303	9.22372	9.15173
AT3G24500	87.811	70.5789	117.845	35.4004	25.341	41.0343
AT3G25050	0.908036	0.230513	0.968997	0.33233	0.141561	0.446124
AT3G25410	30.9567	29.2292	28.3366	9.12072	11.7074	9.59634
AT3G25690	31.0692	21.9974	33.1737	9.45757	13.1017	9.70263
AT3G25770	1.0121	1.28038	1.37467	0.481966	0.629481	0.470992
AT3G26040	1.58454	1.04355	1.22065	0.633753	0.614488	0.627022
AT3G26070	33.8088	33.0617	36.6405	13.3678	16.9862	18.8765
AT3G26180	4.16926	2.00657	4.88406	1.14826	1.92222	1.04474
AT3G26460	64.0421	38.2437	95.8652	125.01	181.616	127.232
AT3G26570	96.4633	87.8674	100.077	19.5837	20.3945	17.7527
AT3G26960	3.30656	3.91975	2.97556	0.796342	1.12563	1.31624
AT3G27690	433.263	220.261	425.716	28.5517	82.8667	25.0807
AT3G27884	10.4581	9.80733	11.3736	35.3844	29.8074	28.8643
AT3G27925	20.4453	16.2629	20.0438	6.87718	9.80878	9.43832
AT3G28070	4.07696	3.33962	3.45753	0.932107	1.70726	0.798039
AT3G28270	4.41252	2.18324	4.99406	0.277146	0.292485	0.392117
AT3G28320	0.397743	0.907347	0.400479	2.60342	2.32599	4.72919
AT3G28340	5.55119	7.74274	6.63697	14.5568	13.9342	13.2491
AT3G28420	0.450973	0.716879	0.646814	0.0697887	0.481664	0.390892
AT3G28930	4.43759	5.30766	5.53259	12.7303	10.5574	16.6398
AT3G29250	46.6365	32.5982	50.149	141.211	187.177	125.723
AT3G29370	18.2522	12.5616	17.7322	28.0276	38.0962	31.619
AT3G29570	0.321865	0.245014	0.527841	1.28154	0.915525	0.736319
AT3G30200	0.765175	0.679253	0.721646	0.281707	0.186333	0.205846
AT3G30460	5.32638	6.80746	4.11665	0.510642	0.502669	0.652515
AT3G30580	1.13799	1.24947	2.81955	5.22427	4.65723	4.16122
AT3G30700	0.562027	0.197316	0.496889	1.21483	1.61742	1.21882
AT3G33000	20.9975	17.5051	21.6381	11.186	3.44304	3.14324
AT3G41979	563.172	606.528	535.682	1640.77	1261.6	1199.43
AT3G42658	0.291971	0.595404	0.638766	17.1334	24.4497	18.3526
AT3G43600	17.0882	22.118	17.6091	7.88903	7.93459	10.3548
AT3G43833	0.582161	0.796982	0.696029	2.5656	4.13553	3.52904
AT3G43930	0.457145	0.742777	0.407725	1.01974	0.799424	1.44483
AT3G44020	16.7399	11.0503	16.7709	3.65505	5.41414	4.4423
AT3G44200	30.6978	33.4801	31.5027	15.5173	15.0763	16.0105
AT3G44380	9.30896	8.61181	8.9029	4.12794	4.53041	3.392
AT3G44450	1.89721	1.94147	2.35966	0.321396	0.416368	0.110787
AT3G44970	0.801728	0.460395	1.10177	0.165186	0.529279	0.378061
AT3G45070	1.14597	0.390407	1.67939	2.53445	2.486	2.67427
AT3G45638	0.383013	0.0647254	0.0591577	0.418222	0.913798	1.02788
AT3G46170	0.604286	0.348154	0.670824	1.14029	1.49997	0.542575
AT3G46670	6.48779	4.38613	4.92141	1.45948	2.25871	1.8076
AT3G46700	5.69978	2.04831	8.31037	12.8449	18.3494	11.4797
AT3G46780	78.3412	48.6117	86.9373	18.2001	26.4866	17.0973
AT3G46900	8.95398	11.716	8.58662	21.8099	12.5825	24.2741
AT3G47070	125.503	96.0012	127.731	28.8104	50.318	34.736
AT3G47220	5.75259	8.31635	6.00975	1.64022	1.34601	2.11715
AT3G47340	28.2455	9.67074	20.7683	41.2056	43.9793	38.7105
AT3G47430	15.705	11.0965	16.3054	2.86865	3.83121	2.65284
AT3G47470	886.64	520.383	888.333	156.121	271.059	146.136
AT3G47790	0.313039	0.215327	0.352752	0.762484	0.770425	0.395686
AT3G47960	38.0651	43.3824	41.5767	19.9635	21.4869	18.8404
AT3G48100	8.79021	9.51303	10.0359	18.7117	20.1732	21.4784
AT3G48200	12.8212	9.86484	13.4902	3.00862	4.87179	3.48685
AT3G48280	0.251943	0.194615	0.419301	0.731793	0.669037	0.4046
AT3G48320	6.00002	3.87882	5.68823	0.947341	1.32848	0.684874
AT3G48350	67.2893	46.6454	81.2082	31.245	47.3835	20.6423
AT3G48390	2.28583	1.14849	2.16425	4.34018	5.52395	3.2261
AT3G48420	27.1114	17.5158	29.1366	7.07821	10.4357	8.86732
AT3G48510	2.70569	1.32227	1.43779	5.00757	6.73049	3.90639
AT3G48720	6.49178	4.32919	7.23866	2.12256	3.60954	2.14958
AT3G48870	64.1612	65.4616	69.5173	30.323	32.6174	33.0433
AT3G49360	6.55014	7.07865	5.89208	28.2662	35.1292	32.9788
AT3G49470	45.848	43.4119	51.0418	18.2801	26.5084	25.5964
AT3G49620	1.10002	0.670989	1.1954	1.96256	2.31444	2.40026
AT3G49700	0.592555	1.214	0.340342	2.7708	1.96737	5.02318
AT3G49760	3.41659	2.69467	3.2021	0.718883	0.869098	0.974491
AT3G50120	2.12098	2.00404	2.33009	4.16151	3.98218	4.14265
AT3G50270	4.88048	4.77977	5.55164	1.85508	1.45363	1.50137
AT3G50400	28.1451	0.876601	39.2009	6.11882	17.8441	2.43542
AT3G50710	0.179169	0.253709	0.162323	0.578137	0.496474	0.716539
AT3G50820	261.241	170.137	268.752	42.9844	58.6976	47.1474
AT3G50970	227.038	85.1346	255.688	73.1634	96.0498	43.0277
AT3G51240	55.0579	70.5385	49.6665	3.47717	7.09251	5.85485
AT3G51410	2.12329	2.84831	2.07031	4.51133	6.13708	6.17746
AT3G51750	7.57196	3.43106	7.9362	1.24705	4.06888	0.987259
AT3G51870	11.6615	14.2195	12.0073	4.91095	5.81058	6.80614
AT3G52180	4.48024	5.56268	4.84784	7.07703	9.54022	10.6663
AT3G52340	21.2101	16.4116	21.3827	9.16713	11.9651	10.3226
AT3G52740	12.6607	13.0166	10.4906	0.352408	0.374878	0.319741
AT3G52748	2.99031	4.62968	2.50088	4.32301	6.94459	6.24605
AT3G53170	0.897909	0.739999	0.918363	0.256404	0.316099	0.618253
AT3G53232	1.93195	0.274278	1.064	2.93086	4.55156	2.5914
AT3G53830	2.47785	1.88279	2.09987	1.05976	0.884294	0.675565
AT3G53840	0.149416	0.310479	0.426596	0.622955	0.617437	0.666727
AT3G53920	9.11432	8.13848	10.1795	3.31813	3.95371	3.67791
AT3G54050	74.6848	49.7102	74.8138	25.0048	33.2707	26.4489
AT3G54830	21.5561	21.6702	20.6536	65.5323	62.301	58.2088
AT3G54890	844.673	529.484	868.302	79.2619	114.056	59.4044
AT3G54990	24.4747	27.4656	28.49	9.80267	9.23756	8.92837
AT3G55110	0.815973	0.472675	0.668143	0.0694314	0.10459	0.180678
AT3G55120	39.4608	45.6724	35.8482	11.3599	23.973	10.8149
AT3G55130	23.5144	16.5128	19.7563	7.34634	11.3791	7.44148
AT3G55485	0.559518	0.440152	0.519429	1.50628	2.554	2.30422
AT3G55630	11.3274	7.53175	10.5458	2.5407	3.63056	3.59525
AT3G55710	1.58325	1.08831	2.01776	0.680917	0.639873	0.559934
AT3G56040	16.811	14.4636	17.9794	6.71238	6.78213	6.35477
AT3G56290	46.3251	51.0465	57.4637	2.60409	3.73204	2.22137
AT3G56350	1.19518	1.00124	0.990176	2.139	2.14393	2.74039
AT3G56705	0.946706	2.53783	1.08419	2.82064	4.60287	3.0578
AT3G56825	1.42062	2.24603	1.1692	2.53178	6.82435	2.57924
AT3G56940	472.38	369.955	489.312	106.237	146.669	111.168
AT3G57020	20.9138	16.453	24.7777	3.49162	3.91731	2.4665
AT3G57130	0.222189	1.00919	0.615729	0.426283	0.0801959	0.127972
AT3G57180	5.42081	5.58047	5.44344	2.23118	3.37215	2.96588
AT3G57190	4.84339	5.40409	5.33516	1.4081	1.74642	1.47136
AT3G57765	0.854363	0.994658	0.615494	0.874524	7.38814	0.386922
AT3G57830	4.61306	4.4855	4.39083	1.7082	1.93587	1.6195
AT3G57920	1.19806	1.92202	1.7065	0.227547	0.508967	0.687092
AT3G58070	0.653905	1.3029	1.21798	0.469406	0.0632079	0.196708
AT3G58450	0.58458	0.405622	0.909673	0.831772	2.79042	0.962693
AT3G58550	6.84051	5.55584	9.45902	12.5231	16.6714	12.4736
AT3G59060	18.0556	13.4959	20.2914	8.49014	9.19027	6.58252
AT3G59330	1.40968	0.765134	1.20206	2.68212	2.6083	2.15032
AT3G59400	121.395	96.6332	119.569	16.3049	22.5302	14.3839
AT3G59780	34.582	27.0948	35.2233	10.5171	16.0667	12.3745
AT3G61210	1.70932	1.07717	1.32658	0.678605	0.717317	0.541632
AT3G61220	4.73203	5.35371	5.7857	0.343268	0.403039	0.456587
AT3G61470	420.541	265.534	419.898	125.298	203.332	118.415
AT3G61490	58.3785	49.1897	55.8645	20.966	19.8227	22.3634
AT3G61750	16.3257	17.4397	17.2045	5.29281	5.13405	5.88503
AT3G61870	87.2096	69.3326	80.5503	33.7527	47.3965	34.0056
AT3G61920	1.89238	2.0441	1.61275	0.947975	0.325514	0.395149
AT3G62410	62.8676	42.1052	66.6087	7.62716	10.4867	7.9183
AT3G62740	0.722843	0.430575	0.713201	0.138972	0.281838	0.218201
AT3G62990	2.66248	0	4.24616	1.13498	1.78545	0.941426
AT3G63360	11.3861	16.2727	17.1182	35.2514	28.3994	37.7711
AT3G66656	2.76905	1.1732	2.67409	1.68478	0.741213	1.0689
AT4G00050	10.2606	11.8772	12.0695	2.61461	2.00276	2.43981
AT4G00370	51.3724	47.511	49.1749	18.6094	23.0375	19.6038
AT4G00480	3.61885	4.0216	4.01519	1.7876	1.42282	1.75962
AT4G01050	122.797	96.0365	126.741	42.7604	64.4301	53.9221
AT4G01130	0.773486	0.578148	0.699552	1.48947	1.35113	1.4773
AT4G01270	2.61619	3.11935	2.89161	1.08409	0.729468	1.48117
AT4G01515	0.296681	0.277175	0.293719	0.58484	0.831145	0.772119
AT4G01660	12.3856	17.4437	12.4766	6.04278	5.38281	6.92982
AT4G01883	6.46706	7.48553	8.7743	2.46554	2.90767	3.70435
AT4G01975	2.31018	3.20672	2.9266	0.869632	1.05123	1.03864
AT4G02530	85.5628	68.4375	89.9935	31.1869	42.3383	45.1781
AT4G02770	675.059	464.379	653.189	193.452	268.024	182.306
AT4G03280	247.429	176.843	257.921	92.349	118.841	97.5944
AT4G04350	11.2682	11.028	11.7333	4.85786	6.12342	6.68684
AT4G04630	1.01373	1.34184	1.42339	1.74386	2.96203	3.25964
AT4G04640	220.798	173.259	233.974	71.1359	103.181	81.1065
AT4G04750	2.25641	1.02209	1.7817	0.244177	0.636719	0.242287
AT4G04840	28.1118	27.4505	32.6209	0.641968	1.42458	0.414294
AT4G04850	17.8221	15.184	19.305	1.63274	2.20466	1.81823
AT4G05180	150.915	81.4366	163.295	25.5729	45.0243	32.8548
AT4G06477	0.203774	0.237445	0.214086	0.755139	2.64678	0.742804
AT4G06746	1.93724	1.46927	1.08744	0.563687	0.229947	0.83792
AT4G08620	0.808546	1.73687	0.530924	1.72954	1.72479	2.99743
AT4G08950	62.4832	64.9367	70.5787	120.068	121.334	124.737
AT4G09010	47.6056	31.7197	50.9756	18.1716	26.3037	19.3683
AT4G09350	8.24458	5.73917	8.80826	1.14547	1.65523	1.72073
AT4G09530	4.4482	2.77198	6.04538	10.4969	8.90076	13.0688
AT4G09600	3.05652	1.231	3.73991	4.48113	9.2637	2.74744
AT4G09650	346.349	273.506	374.352	89.0534	126.747	95.3871
AT4G09750	14.3707	16.1523	15.4711	4.57897	5.9898	4.68804
AT4G10020	1.73143	2.18273	1.49314	4.72419	5.45696	4.12622
AT4G10040	58.2339	81.0471	62.2713	32.1328	33.8042	38.2961
AT4G10120	2.92683	1.98982	3.16042	0.768856	0.844586	0.591083
AT4G10150	1.67849	1.27672	1.82319	7.3755	4.74815	5.53628
AT4G10160	1.01177	1.13035	0.967301	3.67224	1.57965	1.60487
AT4G10240	4.00714	10.3919	3.85306	33.0695	37.6776	60.8496
AT4G10250	1.21434	2.16233	1.3684	3.82271	4.20917	6.71362
AT4G10265	2.75999	2.33501	2.46993	1.00179	0.164287	2.00671
AT4G10340	748.347	483.717	758.824	210.897	369.876	239.139
AT4G10500	0.770575	0.903578	1.2332	1.31389	2.46856	2.29821
AT4G11100	5.54389	6.33672	6.79434	2.83527	2.54068	3.13654
AT4G11175	51.2876	42.9275	54.4999	15.6444	25.7645	20.8347
AT4G11210	0.563487	0.688975	0.295336	1.79652	1.49578	1.05788
AT4G11320	66.731	40.1042	89.8065	149.934	160.076	117.911
AT4G11655	0.484675	1.42036	1.35038	2.26777	2.04216	2.74285
AT4G11660	11.2654	8.88686	12.1682	6.4932	4.74231	4.67866
AT4G12310	26.7744	21.6908	28.4682	5.40835	7.99652	6.68981
AT4G12320	2.62131	1.68021	2.61187	0.41165	0.294009	0.731714
AT4G12470	442.959	1152.46	394.914	214.806	149.934	272.424
AT4G12480	11.0203	113.78	12.5003	0.768572	0.693396	8.58347
AT4G12545	68.2881	47.474	73.3258	250.939	318.924	215.615
AT4G12550	45.77	20.4892	43.2803	219.031	327.153	174.751
AT4G12800	680.328	395.767	663.808	183.913	267.394	186.829
AT4G12830	5.2235	2.70773	5.22447	0.390417	0.648857	0.390719
AT4G13010	29.5808	29.3458	28.8686	10.4014	13.7667	11.9077
AT4G13210	3.6988	5.65985	3.05139	8.71124	7.28203	8.58013
AT4G13220	24.3778	27.4867	22.6726	8.53248	12.5292	12.5541
AT4G13310	0.925914	0.77339	0.850871	2.85018	1.89711	1.77396
AT4G13500	35.7067	24.8676	35.5596	8.89199	14.4298	11.7109
AT4G13650	1.21584	1.11041	1.07744	0.528985	0.438805	0.581621
AT4G13790	19.1788	20.3249	17.2996	32.6175	28.0066	57.5717
AT4G14090	2.35703	1.69679	2.88007	0.592738	0.984108	1.09966
AT4G14130	88.7908	90.3247	88.9254	318.463	411.107	352.061
AT4G14450	0.555533	0.403543	0.603311	1.70826	1.16768	0.948283
AT4G14540	31.9678	22.1059	37.078	9.73994	11.695	11.863
AT4G14548	4.05419	5.14606	3.83925	6.03665	6.23712	10.9283
AT4G14640	4.69993	3.6068	4.48986	8.38359	8.40172	9.3456
AT4G14690	809.551	964.817	742.672	47.4957	56.3092	53.5113
AT4G15248	18.4716	11.0326	15.9981	0.275173	2.15676	0.659588
AT4G15390	32.5105	40.8782	29.6236	76.6017	67.2436	75.2519
AT4G15393	0.470579	1.03928	0.459716	2.54146	2.0861	3.21927
AT4G15400	5.83472	6.09383	6.45338	10.8665	17.4491	9.77573
AT4G15430	6.12395	6.77584	6.55098	2.64018	3.08766	2.12591
AT4G15510	20.9267	19.0207	21.3201	5.72596	6.48228	6.67595
AT4G15550	33.08	28.689	28.9312	9.67923	8.94165	10.7121
AT4G15670	3.19888	2.88719	2.5219	0.845342	0.623809	1.14579
AT4G15680	4.58171	6.01938	3.9357	1.67964	0.108578	1.16752
AT4G15690	3.11865	3.82629	3.80458	0.78541	0.553449	1.30033
AT4G15700	2.34391	2.87727	2.97015	0.595082	0.931531	1.49306
AT4G15810	2.45303	2.76216	2.72778	0.807647	0.597974	0.571329
AT4G16140	55.5569	80.7912	52.7704	21.9607	22.6511	20.9306
AT4G16410	69.0919	61.5513	62.8563	24.9044	33.4445	26.4361
AT4G16500	60.48	51.897	50.9361	112.597	177.687	115.874
AT4G16670	38.2597	39.8361	38.5343	80.1056	78.3475	88.364
AT4G16690	18.0457	13.46	17.6898	4.24264	5.7055	3.50929
AT4G16780	12.5159	15.6877	15.0735	31.3344	28.0374	40.5549
AT4G16920	3.27325	2.8278	3.62989	1.04257	1.64948	1.83022
AT4G16980	472.845	243.419	455.249	172.162	178.864	128.461
AT4G16990	1.19838	1.29163	1.28684	0.626781	0.793965	0.609155
AT4G17090	9.9991	7.94638	9.94069	1.60483	1.59967	1.83338
AT4G17098	1.02608	0.98547	1.31537	0.282948	0.287072	0.556231
AT4G17250	0.935384	0.966162	0.886938	0.315978	0.459594	0.45667
AT4G17810	17.6526	12.037	20.024	3.60711	3.62886	3.95261
AT4G17860	0.420975	0.391549	0.237787	1.47391	0.695068	1.14772
AT4G18480	135.394	113.947	146.016	51.7829	73.4234	63.3965
AT4G18650	3.05318	2.63918	3.7173	1.22651	1.44299	0.776422
AT4G18740	3.99326	1.95205	4.11007	0.642387	0.511091	0.899592
AT4G18810	18.2228	13.3617	19.09	5.16805	7.10774	5.69974
AT4G19420	29.5734	21.496	31.7523	52.0397	52.3395	50.8192
AT4G20390	3.46212	2.3367	3.7982	4.9567	11.7827	4.49718
AT4G21090	8.47608	7.58372	8.13962	2.9126	2.53175	3.32079
AT4G21100	6.85297	7.44958	6.26874	1.55201	1.52974	1.59062
AT4G21200	1.70385	2.12493	1.20447	4.04663	4.21955	5.22772
AT4G21250	0.332996	0.634244	0.0985406	0.349587	0.798075	0.938048
AT4G21280	431.364	302.157	454.976	135.025	171.074	157.626
AT4G21445	25.3968	18.4999	27.3364	7.76607	9.23945	11.8267
AT4G21510	1.64624	1.64815	1.72011	2.26413	4.18069	3.46313
AT4G21730	13.703	12.7729	10.2724	5.61473	3.77904	4.82718
AT4G21780	0.702663	0.881842	0.543032	0.951019	0.860187	2.37067
AT4G21870	25.4022	34.1593	26.3869	8.47026	12.0105	10.8688
AT4G21902	0.382028	2.20741	0.861765	2.48721	3.06278	4.54587
AT4G21903	1.00151	1.08314	0.584711	1.95721	1.28094	2.14697
AT4G22212	35.536	34.073	32.7172	56.0681	82.7908	57.673
AT4G22214	0.437968	0.268951	0.259221	1.08701	1.86073	0.777149
AT4G22230	34.9989	32.0518	26.2749	69.4807	41.3681	56.9541
AT4G22610	2.54431	2.49249	4.42856	10.5439	14.8537	7.26743
AT4G22620	1.85627	1.09631	1.17387	3.26257	1.59913	4.5522
AT4G22710	3.38629	14.4363	4.00361	3.47877	2.19316	6.60188
AT4G22890	66.6084	50.5926	67.1433	19.779	27.9476	23.6078
AT4G23300	1.06204	1.07545	1.10234	0.377616	0.652844	0.25256
AT4G23420	4.04249	3.51608	4.4176	7.34395	8.76467	9.51175
AT4G23493	3.25527	3.02967	5.13444	1.94121	1.54935	1.10005
AT4G23496	1.95631	0.867342	2.6392	0.261063	0.589603	0.0835511
AT4G23515	0.822909	1.55843	0.516264	2.0231	1.02911	2.64785
AT4G23600	2.68649	1.17862	2.33208	4.4262	5.80486	4.62671
AT4G23890	41.7699	27.1812	39.069	14.9476	20.0619	14.2816
AT4G23990	4.1798	3.9453	3.75638	1.8976	2.22818	1.27268
AT4G24080	0.228088	0.369506	0.680318	0.834355	1.24135	1.03139
AT4G24340	2.37551	0.467848	2.30787	3.9771	10.1844	3.39454
AT4G24350	7.52607	4.8617	7.96685	2.30728	5.13737	2.15374
AT4G24415	1.19977	1.2286	1.67008	0.425775	0.523143	0.200234
AT4G24660	5.15668	4.68588	5.24741	2.49286	2.92218	2.30783
AT4G24670	6.22587	6.19949	7.42413	2.29229	2.18983	3.07008
AT4G24700	9.44231	6.34728	11.7184	1.08537	0.876718	0.350769
AT4G24790	2.40326	2.62133	2.81343	0.950944	1.03389	1.01138
AT4G24972	1.4228	0.766512	1.0509	0.575443	0.790356	0.259253
AT4G25050	299.651	235.055	325.652	73.4729	99.8349	87.6869
AT4G25080	126	97.0498	127.561	46.7327	61.0271	47.3249
AT4G25100	53.5993	56.5126	45.3005	54.2083	172.437	83.684
AT4G25220	2.09404	4.23156	2.19897	5.20269	7.99696	6.92432
AT4G25260	119.105	149.019	127.231	253.903	217.293	288.524
AT4G25290	8.435	8.61954	9.92607	1.47183	1.85891	1.58097
AT4G25400	2.00619	3.26812	1.51923	4.22621	4.51293	5.97705
AT4G25410	0.712186	0.347745	1.1043	1.89592	2.09346	1.10565
AT4G25433	2.52305	2.29722	3.05638	1.3123	0.847644	0.775679
AT4G25480	1.48547	1.25259	1.33994	0.130066	0.69697	0.195298
AT4G25580	1.94839	0.484151	1.16869	2.65858	5.14566	2.88178
AT4G25780	53.1524	33.959	60.0881	24.2761	26.0458	16.1852
AT4G25910	11.1342	8.0626	9.8374	4.65245	6.10536	3.68794
AT4G26150	3.44859	5.61526	4.65011	0.371975	0.399852	0.46663
AT4G26390	0.782913	0.521371	0.688935	1.92904	2.81349	2.05198
AT4G26520	6.8391	5.02641	6.13592	3.38936	3.06086	2.2947
AT4G26530	24.8296	9.85657	24.2122	1.73425	3.35135	0.946871
AT4G26850	114.589	125.088	117.778	24.7242	33.6105	23.8523
AT4G27030	31.459	29.2995	34.7959	0.748571	1.03145	1.4702
AT4G27140	0.40002	0.830973	1.54521	1.32071	3.4121	2.85745
AT4G27150	0.273609	1.06931	0.469543	2.25276	3.46296	4.32284
AT4G27460	2.39111	1.56236	1.90474	6.3383	5.90293	5.32028
AT4G27520	182.295	114.897	160.821	40.7338	75.0241	37.2849
AT4G27560	5.02232	3.96205	4.5166	0.344644	0.501278	0.587901
AT4G27700	50.3331	33.8758	50.9024	9.89395	14.1563	12.5722
AT4G27820	13.1261	9.4404	12.433	1.55336	3.24915	2.90357
AT4G28080	94.1327	80.5305	93.6694	19.5673	24.6255	18.8953
AT4G28110	16.9493	0.563766	22.1154	5.4964	7.34283	1.9081
AT4G28250	14.7951	8.19975	12.5232	4.77203	6.37175	4.369
AT4G28290	76.7118	63.4452	85.9891	23.9592	42.0814	31.8558
AT4G28330	0.846538	0.884186	1.28905	1.68726	2.66301	1.74437
AT4G28520	0.756912	7.48171	4.39381	4.58221	17.2524	16.8088
AT4G28660	156.529	138.869	161.537	29.1756	38.963	33.6088
AT4G28680	4.46098	3.79324	5.32767	1.43652	1.9469	1.45489
AT4G28703	2.14453	0.925837	1.33844	2.97254	4.79164	4.2527
AT4G28740	10.422	9.42865	12.0012	2.79889	4.29819	4.39429
AT4G28750	459.709	277.764	457.832	98.0814	184.601	90.0652
AT4G28850	0.661534	3.16771	0.549832	1.70246	3.72056	4.00509
AT4G28940	0.523458	0.434927	0.654468	1.17539	1.94931	1.66992
AT4G29310	3.76009	5.15463	3.4995	8.24853	6.17302	9.05205
AT4G29590	21.5018	21.8179	21.8598	6.54486	7.02138	7.08568
AT4G29920	2.29858	2.49348	2.40985	1.08285	1.31211	1.39237
AT4G30097	19.2176	16.9417	24.6721	12.7942	7.14657	13.1085
AT4G30230	1.25694	0.817492	1.35327	0.5119	0.562834	0.42299
AT4G30290	256.969	355.458	261.631	589.645	377.661	680.334
AT4G30825	9.04317	7.81619	9.38062	4.19054	4.41075	4.09485
AT4G31380	11.1407	6.90354	10.7903	24.3546	32.6968	34.4601
AT4G31390	23.0691	18.1516	21.6884	8.75071	10.4364	9.97484
AT4G31610	0.843774	1.16312	0.906358	1.71231	2.22498	1.87144
AT4G31805	4.55033	4.07503	5.41266	1.40468	1.70202	1.93724
AT4G31850	10.2586	8.85088	9.87925	3.65539	5.05463	4.17409
AT4G31875	9.03698	8.47979	8.32278	13.6351	18.9344	14.6421
AT4G32190	11.6021	11.7047	13.5106	5.81236	6.23076	7.28296
AT4G32280	3.32648	2.25997	3.48331	11.8638	16.3231	12.1824
AT4G32770	5.94324	3.81751	5.00069	2.00783	2.49552	1.37386
AT4G33010	349.525	299.874	333.161	60.2842	84.08	52.6131
AT4G33070	3.69527	8.64003	3.62454	1.60247	1.146	3.64471
AT4G33120	15.5273	17.4164	15.5419	34.7752	40.004	37.7982
AT4G33610	281.298	8.6742	294.773	93.1758	109.652	37.3509
AT4G33660	61.5665	54.2477	63.8796	12.3828	17.9419	11.9798
AT4G33666	48.9096	38.8946	58.3626	12.0664	21.4978	22.235
AT4G33730	3.00577	3.74917	3.32735	5.58924	7.50871	4.1627
AT4G34240	22.3425	21.1962	25.0527	8.88104	13.0203	10.9059
AT4G34610	11.2857	9.91078	13.4298	1.79086	2.34166	1.82949
AT4G34730	28.4001	30.1729	27.2575	7.45635	9.67967	10.5072
AT4G34740	16.1766	17.8118	16.7875	5.42971	6.03021	5.94762
AT4G34830	24.5807	22.4738	25.0361	6.99611	9.34516	7.76867
AT4G35250	56.4963	46.3638	58.0399	13.8367	17.7411	14.5219
AT4G35770	41.5336	26.9126	39.4618	140.342	164.766	158.589
AT4G36010	11.9097	12.1879	8.98588	23.3724	21.017	29.4526
AT4G36530	18.429	16.4219	20.3796	4.16654	4.37423	5.21595
AT4G36570	2.22869	3.91999	1.97249	0.216112	0	1.27261
AT4G36740	1.13814	1.25756	1.2927	0.896994	0.584084	0.253724
AT4G37060	0.528483	0.0752116	0.363158	0.437925	1.0982	0.316398
AT4G37150	6.57216	3.35171	8.25545	1.11548	3.47411	0.684177
AT4G37220	10.0345	5.46453	13.0651	24.0837	47.0492	25.174
AT4G37295	0.364741	0.645669	0.876476	1.13324	2.54934	0.118792
AT4G37310	7.61515	4.63878	7.69347	1.25947	1.05752	1.28393
AT4G37320	4.25539	3.71537	4.3939	1.6486	1.85749	2.05679
AT4G37470	53.5216	43.3306	58.2394	21.2391	25.4977	18.0546
AT4G37580	1.86643	1.67478	1.75514	3.73584	4.9663	2.91081
AT4G37700	9.83731	7.34597	10.733	28.5802	30.3929	24.5672
AT4G37760	80.5088	72.5406	77.7049	13.6284	15.5068	13.702
AT4G37770	0.562686	1.04293	0.716165	2.86184	2.78335	5.53126
AT4G37850	2.1633	1.76998	1.6813	6.03269	5.82109	8.30645
AT4G37930	207.832	143.756	217.282	73.0368	103.1	89.3526
AT4G38840	32.4106	35.2984	38.606	10.6935	11.2663	18.6762
AT4G38970	583.665	415.895	581.553	217.789	295.156	209.93
AT4G39010	1.0895	1.70939	0.754795	0.47957	0.411753	0.427997
AT4G39360	0.864586	0.619454	0.490247	0.698775	2.00684	1.34789
AT4G39510	7.25935	7.85113	8.80777	0.87335	1.40373	1.14009
AT4G39960	21.143	21.8329	22.0942	9.78218	9.75801	11.539
AT5G01015	4.61153	1.88395	4.29361	0.683435	0.249144	0.255723
AT5G01330	4.25206	5.01928	4.23898	15.8731	16.3176	16.7145
AT5G01410	111.879	121.336	114.855	36.4066	41.8548	36.8338
AT5G01840	8.97025	9.16853	8.79176	3.52031	2.87066	2.39929
AT5G02020	64.587	27.6087	44.0863	71.9004	151.909	87.6821
AT5G02120	172.854	155.198	186.739	40.302	67.3991	54.9714
AT5G02200	4.63582	6.67851	5.04854	10.2919	10.3568	10.6224
AT5G02260	56.0657	88.9524	47.6236	204.972	194.272	255.057
AT5G02270	68.8952	118.647	74.4434	9.64476	11.0559	9.58892
AT5G02540	4.23509	4.5208	2.66374	26.145	24.5625	31.9958
AT5G02580	17.384	26.5897	17.8117	62.7088	47.8459	87.625
AT5G02830	18.4923	16.0926	21.3272	3.38348	4.16328	4.40949
AT5G02950	0.8527	0.596957	0.820311	0.125612	0.266497	0.395607
AT5G03310	0.714034	0.64526	0.381268	1.17921	1.18717	1.69192
AT5G03350	3.8238	2.56664	3.63661	1.30147	1.40567	1.18702
AT5G03555	39.3139	38.1899	43.0374	13.6656	14.7999	12.6416
AT5G03680	1.14099	0.975357	0.99653	0.380894	0.518877	0.551399
AT5G04000	3.27943	3.65124	3.00477	0.706289	2.06268	0.949628
AT5G04120	12.8957	5.20709	11.1103	22.2494	29.2	10.1523
AT5G04140	89.4614	62.3186	84.6852	21.5213	36.7527	23.9039
AT5G04380	1.02764	0.338969	0.74769	0.109973	0.384843	0.0581284
AT5G04830	59.1562	56.7831	63.3114	21.262	30.9925	22.1305
AT5G05270	39.5063	41.1492	39.6711	5.30857	7.53648	6.42671
AT5G05410	21.2164	16.3935	26.3583	7.17273	7.10124	8.937
AT5G05580	34.5549	35.3113	36.9325	6.07148	7.69941	8.69432
AT5G05965	2.31404	1.27895	3.2581	8.66242	9.3425	9.12856
AT5G06220	31.4217	26.8848	30.8495	10.855	13.1694	11.1122
AT5G06230	9.81745	8.5579	9.08054	4.4989	4.48377	4.9129
AT5G06290	88.3625	75.6396	84.1487	36.6508	47.7796	38.158
AT5G06790	1.00187	0.711237	1.07433	0.135581	0.715691	0.222152
AT5G07010	62.1814	36.5379	50.12	107.738	136.42	101.733
AT5G07020	83.2514	65.8367	82.5544	26.5445	30.7343	28.2644
AT5G07240	3.41936	3.12068	4.4065	1.36243	1.643	1.75044
AT5G07990	2.57525	2.32051	2.24188	0.921587	1.33619	0.660893
AT5G08040	95.1256	118.923	85.6328	49.6683	50.2018	64.4123
AT5G08050	128.647	113.275	131.095	28.0198	38.0837	32.4991
AT5G08150	1.06112	0.997135	0.474097	1.18319	2.241	1.06214
AT5G08250	12.412	0.180266	15.2467	5.15968	7.23611	1.15092
AT5G08640	23.239	30.1527	24.3188	5.65331	8.87404	6.77685
AT5G08720	10.5897	8.25393	11.727	2.60072	3.32411	3.36995
AT5G09230	9.76624	12.1288	11.5797	3.76918	4.54242	4.78008
AT5G09520	172.737	2.53436	214.448	37.2577	110.125	9.59647
AT5G09530	202.607	5.79639	241.187	41.7864	123.972	17.8605
AT5G09585	1.59515	1.07009	1.4831	3.14716	5.34906	2.38051
AT5G09670	1.08915	0.481148	0.64662	0.84287	9.2387	7.96033
AT5G09970	0.246072	0.481258	0.314982	2.64211	1.94376	2.49573
AT5G10100	1.98784	2.25768	1.79501	1.85741	11.2165	2.009
AT5G10120	0.521241	0.144568	0.364083	0.471325	0.880029	0.953953
AT5G10140	0.761223	0.714397	0.906851	4.24706	5.73494	4.74331
AT5G10470	19.6988	20.6698	20.6206	5.80809	5.41757	6.90709
AT5G11160	6.34003	12.2564	7.32857	3.38086	3.60568	5.96748
AT5G11260	49.8605	60.0924	59.5447	10.592	9.85323	10.7671
AT5G12110	13.0218	7.67273	16.0197	2.50455	2.08621	3.5809
AT5G13130	0.660677	0.785186	0.769337	0.311799	0.352369	0.186046
AT5G13170	9.60463	7.99928	11.6925	2.63744	3.5258	5.26076
AT5G13630	313.306	250.076	290.311	38.4487	61.3036	40.7199
AT5G13650	121.531	110.091	128.724	32.3649	37.8736	36.213
AT5G13730	11.5659	8.16728	12.9632	4.78468	6.00028	5.80059
AT5G13770	16.4254	13.3218	17.6719	4.7087	6.43954	5.2345
AT5G13870	5.33146	8.75484	5.34762	18.0918	16.9258	22.3519
AT5G13930	154.831	163.152	135.842	36.2948	50.1655	36.4694
AT5G14360	17.2991	24.9915	17.848	40.6651	28.8753	52.2658
AT5G15160	1.57898	1.26939	0.768916	2.11133	2.29615	2.18576
AT5G15265	23.6937	25.1301	22.3477	40.1861	48.8878	42.8289
AT5G15310	7.88927	6.0525	8.11019	3.15269	4.07193	3.54383
AT5G15780	461.777	309.516	467.652	119.214	185.062	86.5364
AT5G15850	15.0737	12.3975	13.9623	4.90401	7.53685	6.8529
AT5G15910	21.4473	22.2625	21.8394	7.67646	10.1797	10.3354
AT5G16030	18.6329	13.11	24.5736	4.17479	8.93777	4.86104
AT5G16080	0.966126	0.714702	1.46327	0.290531	0.380529	0.404123
AT5G16400	35.0454	25.2212	38.726	14.143	16.051	14.0093
AT5G16410	0.943864	0.659064	0.932159	2.07262	2.65668	1.64004
AT5G16540	11.8505	10.2132	9.71841	4.20619	4.77822	3.68543
AT5G17050	23.8918	24.903	22.3002	2.98915	4.0496	3.11403
AT5G17170	49.3998	39.5751	52.6159	8.72138	15.2855	11.5882
AT5G17220	4.14892	2.56679	5.50859	0	0.144846	0.0770172
AT5G17230	92.1417	80.8651	93.1921	17.7586	29.0839	22.1798
AT5G17300	15.3223	10.4784	16.6615	5.96558	8.19895	6.58689
AT5G17430	0.246468	0.221763	0.313436	0.490792	0.92456	0.873717
AT5G17810	0.481422	0.38031	0.904393	0.84012	1.48785	0.806047
AT5G17860	3.61612	1.79236	2.43957	3.33024	6.29344	3.91637
AT5G18570	10.9245	12.115	12.9984	6.05668	6.62283	6.49918
AT5G18660	38.242	30.5486	41.4765	13.6094	19.2232	19.4368
AT5G18661	2.79939	1.8082	3.9588	5.14867	7.3556	11.9844
AT5G19110	3.45933	5.4579	2.56996	8.40895	7.93633	7.71136
AT5G19850	16.3316	15.3753	16.5788	3.01886	2.05633	3.14587
AT5G19890	14.4593	96.0801	14.2755	3.46533	0.782782	5.78853
AT5G19940	74.8781	60.919	81.2985	22.4845	36.7928	26.1617
AT5G20070	64.3938	63.4148	61.185	22.7302	24.3424	24.187
AT5G20140	10.5297	8.50824	12.3734	4.43585	4.30094	5.38203
AT5G20220	5.79812	5.58386	5.6053	1.52979	2.35679	1.80095
AT5G20225	6.48235	6.49153	5.04228	1.658	2.30513	2.6872
AT5G20935	20.7893	15.2581	23.8061	7.56078	7.10504	7.9573
AT5G21100	10.9141	9.01785	9.27108	3.36926	5.18672	3.29006
AT5G21222	11.5593	10.4631	11.9343	4.15551	5.30599	4.36395
AT5G21280	52.3853	65.9062	52.2846	23.0819	24.5453	24.8311
AT5G22090	41.6565	53.1077	43.5025	12.1675	12.7884	13.6972
AT5G22300	2.24208	1.48058	1.77471	0.791217	0.768153	0.91912
AT5G22410	3.84009	4.68211	2.41175	5.71414	8.1908	6.11177
AT5G22800	15.5783	15.9414	16.3427	5.83968	6.95595	7.16772
AT5G23060	65.6796	48.9879	69.0841	15.0701	21.9742	19.4136
AT5G23360	3.31263	3.36323	2.32637	6.01722	5.44256	7.81387
AT5G23730	21.7667	23.2908	22.2354	1.92021	1.67237	1.65211
AT5G23840	5.6139	4.84682	5.57204	46.281	62.2195	53.2137
AT5G23980	0.408245	2.15752	0.624837	2.33558	2.82062	2.09595
AT5G23990	0.221501	0.404277	0.141051	0.666535	1.54754	1.85244
AT5G24120	28.4115	25.6505	27.7666	1.97685	2.69265	1.45657
AT5G24150	6.24516	2.15243	7.88982	0.476071	0.631067	0.21177
AT5G24155	16.5711	7.48912	17.6306	6.36914	7.87793	2.10873
AT5G24160	5.68638	3.15317	6.51435	0.472124	1.11247	0.442497
AT5G24205	0.95317	1.59577	1.08444	0.422211	0.238312	0.475279
AT5G24660	5.07268	4.96014	6.77642	2.29759	3.1765	3.6196
AT5G24850	25.3201	30.4206	26.3895	3.06895	2.81314	3.02778
AT5G25890	32.6083	42.2421	34.2387	18.3695	12.5797	17.8847
AT5G26320	0.179473	0.836302	0.160122	0.849368	0.93773	1.8021
AT5G26820	32.2428	28.2091	32.2699	8.55826	10.3008	8.106
AT5G27000	6.03212	7.6805	6.89126	2.89262	2.29497	2.98845
AT5G27345	7.67656	8.42866	8.73666	0.948125	0.752436	1.32091
AT5G27390	30.4822	29.1324	32.3885	10.0447	11.8749	12.9577
AT5G28030	5.72183	4.37408	5.86559	1.6921	1.97229	1.60695
AT5G28450	15.6119	11.693	19.8899	5.58637	8.37241	5.05784
AT5G28482	0.516164	0.741026	1.00654	2.62744	1.62634	1.42161
AT5G28500	51.8181	46.2499	48.9129	19.9034	20.9983	19.5342
AT5G33207	0.543775	0.639514	0.379753	0.938602	1.13214	1.31806
AT5G33251	0.972995	0.748684	0.938189	0.0492483	0.0517225	0.0482666
AT5G35220	19.5308	19.8769	23.144	8.09256	9.75747	9.97671
AT5G35575	0.841034	1.03131	0.641686	0.138188	0.184384	0.126026
AT5G35660	0	0.68044	0.329691	0.609825	1.65119	1.81998
AT5G35790	22.6054	16.9572	26.0339	7.94149	9.36494	9.20662
AT5G35970	31.7019	25.5736	29.8792	4.75592	7.05071	5.0632
AT5G36120	12.3743	10.6978	12.5365	4.38244	6.41075	6.09606
AT5G36130	0.300901	0.138906	0.791789	2.26967	2.15846	2.63941
AT5G36140	0.202854	0.121401	0.357308	2.02716	1.9844	2.34505
AT5G36270	0.730449	0.479805	0.323064	0.882696	1.4067	1.67137
AT5G36700	50.6364	33.1625	51.6405	15.766	20.6665	17.4633
AT5G36790	49.7404	33.7006	51.6676	15.538	23.1082	19.0778
AT5G36910	43.3359	51.4487	49.6104	0.112643	0.446032	0.454186
AT5G37550	5.42082	6.93833	6.7235	1.92553	2.34506	2.79127
AT5G38030	1.8264	1.06153	1.89693	2.52196	3.9457	2.62198
AT5G38100	2.21209	2.65738	2.49467	5.00086	5.14167	5.07003
AT5G38410	2809.63	2115.05	2868.91	1118.24	1307.68	1057.21
AT5G38430	1408.72	1130.72	1458.59	461.463	504.875	453.855
AT5G38510	15.2504	11.6529	15.8548	3.9845	5.39663	4.75658
AT5G38520	51.7763	39.607	51.6622	14.8166	20.8419	16.6753
AT5G38710	2.59736	1.86024	2.9346	5.26846	4.94157	3.27149
AT5G38870	15.0706	12.0888	15.4221	8.66255	6.66218	5.28264
AT5G38980	11.965	6.5314	12.2706	1.71424	2.42636	3.68057
AT5G38990	2.06039	1.69038	2.45848	0.645075	0.73791	0.734293
AT5G39240	6.61609	8.77632	6.72857	20.4374	15.9922	21.1602
AT5G39530	24.0242	18.7542	24.5027	5.93414	9.00455	7.16187
AT5G39580	5.57498	4.98112	4.62567	10.8275	12.326	16.4815
AT5G39860	18.6766	18.7621	19.4003	30.2991	38.2143	43.3079
AT5G41050	11.3997	8.94945	11.1381	3.80772	4.42734	4.44951
AT5G41290	0.401173	0.905285	0.285334	1.04205	0.429568	1.52029
AT5G41315	1.79278	1.43403	1.64061	0.457986	0.912634	0.365446
AT5G42270	143.4	128.37	140.297	39.2935	50.5164	39.3022
AT5G42310	10.6659	8.31807	11.524	4.13951	5.27236	4.42942
AT5G42530	5.33815	9.58829	4.56461	0	0.855417	0.530819
AT5G42580	6.61161	1.90055	7.35051	10.3248	14.9921	7.84686
AT5G42590	26.0692	14.2958	29.9639	58.6055	69.7473	35.6044
AT5G42600	3.12856	0.25997	3.34576	26.5398	53.5947	6.23268
AT5G42760	15.2771	14.4351	16.748	0.163907	0.326604	0.427053
AT5G42900	0.72539	0.491806	0.78456	2.04409	3.49389	1.68005
AT5G42930	3.52805	1.56164	3.91007	7.044	7.79975	4.86793
AT5G43630	17.2248	18.6708	20.6124	0.879013	2.65694	1.78649
AT5G43840	5.49202	0.371707	6.52321	1.51051	3.94621	0.554899
AT5G43870	4.96263	4.49981	5.99035	3.04106	2.42447	2.27349
AT5G44005	1.88822	0.802702	1.95612	2.84045	5.75016	2.22371
AT5G44110	128.619	231.277	138.274	15.2135	15.4096	19.4409
AT5G44120	0.38364	1.84489	1.81871	1.97983	10.4364	10.0402
AT5G44190	45.7528	44.91	48.9092	10.2498	10.6082	10.1753
AT5G44260	5.7669	2.82534	4.29574	14.0921	16.7954	11.0619
AT5G44417	29.6357	18.0862	30.1391	56.7218	74.27	50.3798
AT5G44530	6.9639	5.89079	6.9223	3.06162	3.03229	2.36381
AT5G44574	2.29949	2.03535	2.45658	0.371676	1.77565	0.490439
AT5G44580	7.98913	5.03735	6.62455	2.30351	2.20226	2.01256
AT5G44582	3.85005	3.97501	3.39768	9.34644	9.91617	3.70485
AT5G44660	6.44115	6.86179	6.57334	3.42986	3.11341	2.53533
AT5G44870	2.33249	2.14946	2.50485	1.06355	0.543373	1.34874
AT5G45630	8.92325	8.67541	8.85565	1.93045	2.55351	2.82273
AT5G45690	0.186612	0.167278	0.383874	0.74747	1.49837	0.707935
AT5G46060	0.656456	1.12737	0.88927	1.93161	1.49605	2.84604
AT5G46090	3.34649	2.82854	5.90757	6.71708	8.38576	8.04073
AT5G46110	220.649	156.607	219.632	80.3794	121.858	86.1006
AT5G46450	1.79259	2.15456	1.67097	0.381297	0.442976	0.598676
AT5G46470	2.44365	2.66745	2.67057	0.964834	1.28953	1.23499
AT5G46800	31.124	22.4735	34.5177	7.6335	12.5089	8.45566
AT5G47610	52.3167	38.7569	47.8387	17.0893	25.1395	16.9435
AT5G47950	12.9084	11.3911	13.4892	21.9386	26.4577	20.2493
AT5G47980	23.2756	22.4928	21.9395	45.6672	55.266	44.821
AT5G48010	23.0132	19.7854	29.8776	50.4926	53.2147	50.7154
AT5G48412	1.99742	2.55895	3.14077	3.40716	7.18643	6.73173
AT5G48485	68.7015	34.8063	76.2061	3.99619	8.14219	4.62227
AT5G48490	61.87	32.0663	69.908	0.667074	2.53143	0.633411
AT5G48880	16.3243	20.1813	13.4743	4.67032	8.69926	7.19559
AT5G48890	2.87437	2.93999	2.14148	5.69126	7.54751	6.8057
AT5G49440	0.136943	0.126712	0.201714	0.13736	2.9009	2.99897
AT5G49690	3.84403	3.04625	3.38209	1.3676	1.35154	1.58504
AT5G49740	2.29273	1.544	2.46819	0.330567	0.462431	0.274461
AT5G49910	97.0215	98.3656	103.975	39.6041	35.9454	45.3153
AT5G50100	6.76388	7.40358	6.84138	0.476734	0.782175	0.474137
AT5G50175	6.48598	4.40003	4.48869	7.91661	16.1515	11.1205
AT5G50750	0.325851	0.30326	0.411742	0.356004	1.17086	0.393026
AT5G50800	4.07252	4.4811	5.34464	1.61291	1.75242	1.4777
AT5G51030	0.665238	0.719814	0.779256	0.111136	0	0.223382
AT5G51040	102.871	115.589	102.417	38.9465	35.9526	44.8424
AT5G51210	25.4622	28.0952	25.6545	52.1008	72.8377	54.4117
AT5G51310	0.435542	1.22026	0.556362	1.64145	1.47405	2.27567
AT5G51440	11.9249	14.4832	14.1514	5.06099	3.09285	6.86879
AT5G51720	16.0276	5.4718	19.3528	1.15064	3.80361	1.43195
AT5G51790	2.89684	0.820578	2.41593	5.4271	6.89412	4.59786
AT5G52020	1.53924	2.00613	1.3823	0.311785	0.378787	0.965382
AT5G52050	0.888957	0.300495	0.665631	0.0717459	0.39693	0.13525
AT5G52250	18.907	21.7277	21.6263	3.10045	3.76362	2.37632
AT5G52640	6.39494	7.59356	7.90339	2.61877	1.9372	2.96668
AT5G53170	43.1716	40.3667	41.6548	17.0301	20.7316	20.3457
AT5G53210	4.66329	6.37325	6.51684	2.40892	2.41857	2.74044
AT5G53660	5.59534	6.93235	3.12313	23.5685	26.0472	36.6354
AT5G53815	1.60767	0.964155	0.668395	1.7295	3.28348	2.57822
AT5G53902	0.471592	1.9692	0.917779	1.20718	2.31592	3.81047
AT5G54180	3.5913	4.30048	3.79301	1.59246	1.55637	2.27193
AT5G54250	13.8584	12.6945	14.4372	8.22946	6.22214	6.97381
AT5G54270	1045.17	714.964	1056.65	161.458	264.551	152.747
AT5G54300	15.4233	5.50474	17.6061	5.196	7.55391	4.77241
AT5G54740	0.248469	8.29706	1.09527	1.40204	14.1286	7.11128
AT5G54770	99.2036	60.718	96.8093	30.6101	51.3768	30.1663
AT5G54960	16.1517	19.9135	17.4913	8.19865	8.63458	8.95388
AT5G55410	0.394936	1.07128	0.0900359	0.52653	1.47041	0.999135
AT5G55450	0.378933	0.804743	0.331558	1.1787	1.55614	0.948907
AT5G55620	23.4343	17.5343	23.1229	5.77116	9.05238	5.32057
AT5G55790	0.78231	0.530209	0.829222	1.75191	1.26707	1.27716
AT5G56010	153.98	187.919	165.905	92.0353	71.7294	102.304
AT5G56030	170.195	207.239	183.35	92.0188	75.4153	105.123
AT5G56850	7.71344	5.75024	7.60401	1.54633	1.8951	1.48144
AT5G57345	40.5951	34.3296	40.1976	9.57567	17.0232	12.888
AT5G57520	0.205528	0.655077	0.0902943	1.46283	1.55053	1.43856
AT5G57760	3.28202	2.48524	2.21407	4.6442	8.6033	6.40483
AT5G58140	30.5634	24.1207	31.7256	9.10982	11.5297	8.56617
AT5G58260	29.1517	22.9597	35.3545	10.3517	14.9622	10.6927
AT5G58660	2.50287	3.1803	2.80418	6.70407	6.37437	6.79488
AT5G58750	3.65262	4.085	3.54609	0.96328	0.560457	0.52089
AT5G58760	10.5101	11.4358	9.4882	1.72303	1.84173	2.07397
AT5G58870	29.3274	26.3513	30.3197	13.0594	12.86	13.6437
AT5G59040	0.664506	1.50605	0.389268	4.24499	4.40906	8.02627
AT5G59130	0.88937	0.612219	0.788606	0.362436	0.318363	0.409147
AT5G59250	15.6894	11.0213	14.5997	5.31099	8.0618	6.00479
AT5G59520	32.6144	40.5619	28.5431	54.2567	73.858	58.8708
AT5G59570	8.35037	5.69392	7.80838	16.9876	17.5171	13.4372
AT5G59730	3.2375	3.4956	3.3156	0.906332	2.00151	1.19625
AT5G59732	10.0212	9.92287	11.1725	4.03723	6.32778	4.41541
AT5G59750	5.85742	5.0547	7.19489	2.43598	2.51363	2.02417
AT5G60660	298.216	315.373	283.499	625.984	582.96	548.199
AT5G60880	2.4575	3.07063	4.49832	0.741752	1.07669	1.33939
AT5G61040	2.76725	3.14777	3.56524	1.21583	1.69038	1.4975
AT5G61420	3.83012	5.81164	4.35467	1.76694	1.11181	1.96656
AT5G61660	8.90862	4.3482	10.1077	14.7199	22.3041	12.6087
AT5G62210	11.1823	17.2648	9.75749	1.26826	2.10072	2.68039
AT5G62280	12.6119	12.5301	12.6796	30.4719	34.6512	28.6461
AT5G62840	8.82758	8.89119	11.3109	3.45564	3.59852	3.92682
AT5G63250	0.696612	0.985252	0.416127	1.8576	2.16478	1.20977
AT5G63450	8.80964	2.64085	10.9602	3.72979	4.81512	1.42741
AT5G63650	16.92	21.0804	14.4211	56.7118	47.1992	72.14
AT5G64040	362.623	254.336	414.564	65.9671	102.925	84.1629
AT5G64120	36.8634	101.359	37.5831	27.9117	19.1408	39.5876
AT5G64170	29.4529	26.6887	32.2824	12.6487	14.4714	13.4734
AT5G64190	0.339251	0.142848	0.305979	0.880625	0.60794	1.02574
AT5G64770	10.7653	3.80997	12.9781	4.58058	8.19477	4.51968
AT5G64780	6.74674	5.58677	7.46371	3.02427	3.35824	2.86668
AT5G64840	74.8746	63.0066	80.1486	20.0586	23.3011	24.0985
AT5G64850	27.4972	27.1369	28.5961	10.8322	10.8486	14.6738
AT5G64940	54.9838	54.0316	57.3646	15.6839	21.0939	20.9888
AT5G65010	35.343	22.4145	37.3358	9.51528	11.9635	10.8851
AT5G65070	0.159175	0.305799	0.140424	0.591396	0.698815	0.734213
AT5G65080	0.439879	0.657963	0.412956	1.13883	0.881825	1.32664
AT5G65158	1.25968	1.30925	0.503442	1.51675	3.22383	2.58566
AT5G65340	1.9007	2.45998	2.08474	0.426466	0.466147	0.376633
AT5G65683	23.2528	24.9078	24.1058	9.10668	8.53328	10.3789
AT5G65800	11.4118	20.0815	10.3434	25.7561	26.6952	40.099
AT5G66190	112.664	90.7666	123.694	42.8015	56.2232	51.0606
AT5G66570	750.448	474.585	761.926	232.308	348.213	228.815
AT5G66700	0.323381	0.528373	0.399674	1.63355	2.16363	2.3564
AT5G67030	56.5377	35.3646	57.1177	21.7985	27.2187	18.3625
AT5G67260	19.3067	23.2493	21.9069	8.57255	8.92155	11.8335
AT5G67370	16.362	11.0953	17.4301	4.3989	4.00061	5.28209
AT5G67385	33.5306	30.1447	38.0825	11.2855	13.8427	14.3033
ATCG00120	857.079	688.689	1035.92	463.041	501.699	246.754
ATCG00330	486.432	435.353	712.642	347.282	412.392	169.84
ATCG00960	835.408	534.461	542.627	1366.16	1018.4	890.842
ATCG01170	851.551	488.837	471.768	1357.71	957.601	898.743
ATMG00030	336.599	323.771	273.998	696.146	780.481	508.486
ATMG00110	3.8192	3.77427	3.49745	1.56459	1.13483	0.805132
ATMG00160	17.2272	12.9024	18.9985	36.7519	25.6011	28.3431
ATMG00300	0.874936	1.01481	0.628767	0.38966	0.157895	0
ATMG00370	18.5133	19.9414	23.5407	9.53643	11.1204	8.18806
ATMG01220	2.50628	4.41206	5.09746	0.984182	0.87069	1.13358
ATMG01350	8.36124	8.98241	9.08145	2.16148	3.69264	2.06639
